% # columns="iteration, evaluation, sigma, max axis length,  min axis length, all principle axes lengths  (sorted square roots of eigenvalues of C)", seed=1066300, Fri Mar 29 15:12:20 2019
1 11 0.49257033242754605 1.000046154911259 1.0 1.0 1.0000038461612426 1.000007692337278 1.0000115385281068 1.0000153847337283 1.0000192309541431 1.000023077189351 1.0000269234393524 1.0000307697041468 1.0000346159837348 1.000038462278116 1.0000423085872907 1.000046154911259
2 22 0.47748321139265637 1.0902975571362714 0.9352929050221072 0.9352929050221072 0.9550776698300931 0.980555456404557 0.9886302762920383 0.9952631236681595 1.0000078228934752 1.0000204827388357 1.0000272591558654 1.0006234856618825 1.0052370828699093 1.0123925551125978 1.047211199200986 1.0902975571362714
3 33 0.449215592807026 1.1061010678105954 0.918643579202965 0.918643579202965 0.940169221738807 0.9428515512435183 0.981229670370465 0.9865969387953993 0.9922603962807691 0.9956203989781623 0.9974083172825132 1.0029867701924933 1.0115530233740766 1.0387817563002892 1.0554466539926388 1.1061010678105954
4 44 0.4285988560228596 1.1107975613684768 0.8917845291130629 0.8917845291130629 0.9214836753571594 0.939165372561016 0.9521365411171515 0.9830127653321123 0.9884609081096432 0.9940197864535881 0.9985636693278727 1.0072429791060793 1.026689800151192 1.0316535831891804 1.0566088029635423 1.1107975613684768
5 55 0.39673399057894787 1.0963317218969022 0.8717701389140936 0.8717701389140936 0.9042364223471059 0.9320041083878625 0.9510898849091931 0.9718235402733334 0.9759874405292122 0.9888167645139838 0.9917818558417396 1.0013637851605386 1.025572786364115 1.0393927850164426 1.0739290543303532 1.0963317218969022
6 66 0.41250815633044247 1.0877910231002252 0.8657833104518369 0.8657833104518369 0.9015923379280922 0.9191782063282262 0.9328943336208126 0.9678872702993981 0.9788679513691834 0.9823416372143892 0.9900353788494708 0.9942533647754349 1.011843310408258 1.0403912346322464 1.068114943087505 1.0877910231002252
7 77 0.424572913290118 1.1116122242409172 0.8535044695842794 0.8535044695842794 0.8845628034396298 0.9214229896563918 0.9228906342353279 0.951999901512467 0.974625077182101 0.9860112105859535 0.9872108221735085 1.0006230488383472 1.0259240799361253 1.063353211849933 1.0861187023624879 1.1116122242409172
8 88 0.40829211560191564 1.1250712562072365 0.832761834996467 0.832761834996467 0.8650260112451819 0.9135892877365805 0.9167979424946721 0.9425307604375903 0.9690544694499998 0.9725611225918869 0.9890383537908759 1.0161731247556698 1.046665466739208 1.0593854969504855 1.1042095237138905 1.1250712562072365
9 99 0.3946339790098378 1.1419204812458004 0.8313547277556316 0.8313547277556316 0.8660535681120726 0.8998105474141065 0.925496403420397 0.9322903891386268 0.9384551345226537 0.9803888907341766 0.9873003050884052 1.0182029811307227 1.0204908662434815 1.049684780293638 1.131105956865489 1.1419204812458004
10 110 0.3708844372573686 1.142830407042565 0.8339435219420726 0.8339435219420726 0.8381251597213509 0.8833240340793744 0.9207254382250981 0.9398673992538494 0.9431948701010202 0.975169123624353 0.9813009912882864 1.0011986167285607 1.0254083129533262 1.056273840431138 1.126254187120963 1.142830407042565
11 121 0.34388839855160963 1.1414276655811157 0.8136897981345457 0.8136897981345457 0.8194290244160908 0.8856541792408431 0.8941512389833557 0.9350586581770818 0.9470584473110881 0.9696717213320183 0.977566046825436 0.9990124373975353 1.0193769212669435 1.0608939796225623 1.1324790839829408 1.1414276655811157
12 132 0.338934862542535 1.1320698367063007 0.8112096079083632 0.8112096079083632 0.8188776412093589 0.8595125365807701 0.8894109905565288 0.9313025342112793 0.9399044572815406 0.9529875373773481 0.990236091884862 1.0021057339545096 1.012902487998135 1.0584061590105334 1.1232041738544722 1.1320698367063007
13 143 0.3209503998067307 1.1476352092837663 0.7935724717552033 0.7935724717552033 0.8094482057553016 0.8450732146853746 0.8804947359278137 0.929127257973219 0.9426648215116288 0.9610188809315844 0.991463269700859 1.0082077182978808 1.031059577323003 1.0572922048543163 1.1263445301858241 1.1476352092837663
14 154 0.3286246892648271 1.1681610795571842 0.7945833758335954 0.7945833758335954 0.8167917058590213 0.85067764965153 0.8778147997301781 0.9235148050374581 0.9307514503060573 0.951680246541971 0.9933827215166188 0.9994947450334647 1.0038578672225191 1.0604752906296753 1.1309781308868738 1.1681610795571842
15 165 0.3255273825534858 1.18131542729021 0.7737376925098628 0.7737376925098628 0.8163632777920345 0.8346510354966634 0.8855603047825862 0.923787757180425 0.9306604824133796 0.9445969933055484 0.990573368645631 0.9990702973410814 1.028241294062896 1.066996369579318 1.1545876636162264 1.18131542729021
16 176 0.33894794376089804 1.2175569734449663 0.7642112832476782 0.7642112832476782 0.8125191985857906 0.8258185083997954 0.8714765607367272 0.9061764751190793 0.9334073517826691 0.9504222260359504 0.9926081630875779 0.9996249055737421 1.0136879422835445 1.0520281089554002 1.1499427564796643 1.2175569734449663
17 187 0.3686894004150657 1.2389535693522662 0.7600531188641867 0.7600531188641867 0.8198522992815852 0.8533987952782898 0.8720751413147592 0.8857555271438172 0.912267386728561 0.9584963110335302 0.9832848541678938 0.9953613063509752 1.0157771446293467 1.0479535306818457 1.1356506095331977 1.2389535693522662
18 198 0.39731110777177475 1.2416142054847537 0.7583813339622281 0.7583813339622281 0.809985826345904 0.8429974568172289 0.8639761663344191 0.8854198580335362 0.9169920097304735 0.942595875262389 0.9720673212469658 0.9956133766401711 1.0630811956315953 1.0723568867014284 1.155054894244965 1.2416142054847537
19 209 0.4178202986796386 1.2592966251708595 0.7536186191086133 0.7536186191086133 0.7996207743007108 0.8496030493182515 0.8568951763869284 0.8814619700090339 0.9105787684345078 0.9467759314264582 0.976705799524984 0.9927011585830083 1.0677984480468343 1.0946305825199742 1.1485632090776858 1.2592966251708595
20 220 0.4227652819908128 1.2866118899487475 0.7417469471874947 0.7417469471874947 0.7939335994645336 0.839670595277088 0.8537993423003224 0.902661398460768 0.9143806179519639 0.9261301055889011 0.9718838483370473 0.9793915972125874 1.0631473867167738 1.0942392993815875 1.160200699051595 1.2866118899487475
21 231 0.42987589295590334 1.3192520034238566 0.7414742219122209 0.7414742219122209 0.7897009364218 0.8321591399818403 0.8476321431601841 0.8904103772443337 0.8948406861901123 0.9156618344691182 0.9591377894432065 0.9728356690319799 1.071973130974637 1.089626613349856 1.1499385964186493 1.3192520034238566
22 242 0.44885923150801105 1.3731149677336678 0.7354080323123177 0.7354080323123177 0.785141881605849 0.8364558697504614 0.8499760249607451 0.8720613490997982 0.8866499442226731 0.8969491895001495 0.958303317249025 0.9660069468132366 1.0604481545932252 1.0767893520105296 1.1433617680399282 1.3731149677336678
23 253 0.45649677974347425 1.4489980081419633 0.7157821979764559 0.7157821979764559 0.786340714664823 0.8278035324748464 0.845075090833866 0.86546548595744 0.8825100481969103 0.9066832466911757 0.9570534793194672 0.959442045791892 1.0631958667658405 1.0852670517104233 1.1221285017675346 1.4489980081419633
24 264 0.4376840967290335 1.4634194929368904 0.7033218993904745 0.7033218993904745 0.7827807163520428 0.8132123102475747 0.8410383196060006 0.8714756578787533 0.8898016784613357 0.9027791718893433 0.9380804077736181 0.9593955896834122 1.0613820687929298 1.1186791924900652 1.14215216765472 1.4634194929368904
25 275 0.4389232631683987 1.508152533375612 0.7026734514048442 0.7026734514048442 0.774962479829001 0.7888693510682218 0.8367737160241977 0.8600977685359997 0.8905448816207368 0.9029773240410255 0.9372825841607789 0.9662231191897737 1.0361251806607943 1.1064502776479994 1.1659761743734705 1.508152533375612
26 286 0.4199430441141389 1.5165090478594148 0.6983657536060763 0.6983657536060763 0.7675676881587302 0.790409873600832 0.8337375822210557 0.861087314501234 0.8836946352525966 0.9080923239617191 0.9205629777242343 0.9641851728431511 1.0222072936475708 1.1180045111092611 1.165621454208033 1.5165090478594148
27 297 0.40280833961062285 1.5091713032675125 0.6956868222494289 0.6956868222494289 0.7545436721897077 0.8000758849114334 0.8288951137414706 0.8618271657027582 0.8734901683072654 0.8853747775072814 0.9016833202266298 0.9579183372612398 1.0355262119557735 1.1236163291685262 1.165970994917321 1.5091713032675125
28 308 0.3887470293924696 1.5162011357996505 0.7039283405239476 0.7039283405239476 0.7469454018898884 0.7835532903664086 0.8203230062969071 0.8490377100503547 0.8623008117563411 0.8770380655050446 0.8956185225898816 0.9623495729322628 1.0389551800474983 1.1191275489257044 1.1592319744148543 1.5162011357996505
29 319 0.3739369765584566 1.5137118496136686 0.6994834458347642 0.6994834458347642 0.7285666908819791 0.783924722625509 0.8246685813182941 0.8330421392273099 0.8542151390455317 0.8722274118518809 0.8932350147538974 0.9658855632272486 1.0507755169257964 1.1154846544127426 1.1573469346091614 1.5137118496136686
30 330 0.35997795519192455 1.5293863972692021 0.6608417697014335 0.6608417697014335 0.7304165644210427 0.7848256748624608 0.8191078238361964 0.8317704721466798 0.8497670087652982 0.8755865938092524 0.8964124168890726 0.9496577902803849 1.0495289049440437 1.1188275550245788 1.1674025942070527 1.5293863972692021
31 341 0.3688699058336174 1.5055673181089813 0.652721808603126 0.652721808603126 0.7355572315725522 0.7886788013057611 0.8275374800128469 0.829604747088337 0.8506371091960512 0.8650083688180867 0.9000098990705859 0.9621371389940628 1.0538414680196857 1.113208292875193 1.1607290634011385 1.5055673181089813
32 352 0.3679899811081568 1.5149290271985134 0.6646637561381875 0.6646637561381875 0.7473287157122679 0.7754515135878508 0.8277191676333657 0.8395015277627318 0.8469190860617359 0.8562956387986843 0.9020481426498478 0.9523290793807722 1.0580730402505383 1.0904121259443411 1.1451994577298297 1.5149290271985134
33 363 0.3538222022906922 1.5233922984344141 0.6672430470848226 0.6672430470848226 0.7541630892300896 0.7750028246815223 0.8175103574587754 0.8252214990161176 0.8345795960681173 0.8514143446976259 0.9044481230961653 0.94649564460106 1.035951610213956 1.069288712417776 1.155355934206877 1.5233922984344141
34 374 0.3448968811596125 1.513838391926243 0.666816498838164 0.666816498838164 0.7428896086216819 0.7758981752082345 0.7866394420219179 0.8288763995914595 0.8368363578895636 0.8432150418731035 0.8959898480240801 0.9581899671394595 1.035202093267646 1.061592667225802 1.165238729431876 1.513838391926243
35 385 0.3301254949985959 1.47860414464975 0.6624533257839519 0.6624533257839519 0.7352213476606899 0.771262967764604 0.7792859205223697 0.8205104017061863 0.8354234912763466 0.8429404455349346 0.8981887974235183 0.9700545620427452 1.0379388466624342 1.0635982131874502 1.1580616263631804 1.47860414464975
36 396 0.32228403542365586 1.4820534702383543 0.6478192649497257 0.6478192649497257 0.709433792811505 0.7665049829727466 0.7729858123823007 0.8125564583038598 0.8299263160962487 0.8430558704120849 0.9284420258477379 0.9745977438755089 1.0240426023224942 1.0684906764954982 1.1565896259958908 1.4820534702383543
37 407 0.30833628383544887 1.495568545548443 0.6262770790385861 0.6262770790385861 0.6942385038217498 0.7600193612910385 0.773627938371153 0.8137480483010183 0.8323246763486063 0.8582259150982976 0.9347953765038972 0.9752505635282419 0.9993136654178666 1.0603134418528617 1.163124395038875 1.495568545548443
38 418 0.303463879197287 1.4834177934094286 0.6173120872030766 0.6173120872030766 0.6715632571218395 0.7583871097387054 0.7726186293485472 0.8082089592271753 0.8249388552677797 0.8594568571612049 0.9560092218603107 0.9820317959172687 1.0030713361478976 1.0494407930484784 1.1629692235064502 1.4834177934094286
39 429 0.2888593859176014 1.4971719581842273 0.6163319601098555 0.6163319601098555 0.6674547496078849 0.7529772475333367 0.7754611944034346 0.800947062446539 0.8139735304128306 0.8629310924099106 0.9497719146865974 1.001168909401318 1.0143871423479018 1.0407216515644442 1.1545326256491621 1.4971719581842273
40 440 0.27866994762638864 1.4894626618484106 0.6003650783477521 0.6003650783477521 0.6613855401063076 0.7599093087911554 0.7761017667308627 0.7847159403662729 0.8126555887001153 0.8443550346026518 0.9432833498776878 1.0062244873359296 1.0187605553338654 1.0526407907297821 1.154686503761652 1.4894626618484106
41 451 0.26130052770443196 1.478312378831539 0.5997720004424658 0.5997720004424658 0.6626030478704507 0.7532671932992684 0.776671049115035 0.788777806998778 0.8042459410393363 0.8322135451616952 0.9259613157640105 0.9990506271830546 1.0282044695231354 1.0532060240994634 1.1421972517851426 1.478312378831539
42 462 0.2672493788850971 1.4672794914779415 0.5950746853210052 0.5950746853210052 0.6514039320825122 0.7516617803477574 0.7777207035493284 0.7888582129884233 0.800558954171396 0.8312811832182839 0.8897100461862403 0.9954370595726585 1.025201188795504 1.0515000195467141 1.1485662745692053 1.4672794914779415
43 473 0.2659865163364507 1.4544145795468872 0.6019510102271745 0.6019510102271745 0.632163074396478 0.7568638742679927 0.7766887631657123 0.7867750127640591 0.8163698621975717 0.8357345159973952 0.9013766397803025 0.9804134680977094 1.0221350580038406 1.0542683810393867 1.142588875530301 1.4544145795468872
44 484 0.2699399239163588 1.447687673003717 0.6020667249932121 0.6020667249932121 0.6341739739606723 0.7572935916458905 0.7595820168371874 0.7816356561360418 0.8075311406962858 0.8357880071598486 0.9096744845754556 0.98081169696909 1.0195436394303556 1.0554612659280531 1.1265545247462505 1.447687673003717
45 495 0.2625968511799626 1.4406193268630085 0.603545611178271 0.603545611178271 0.6342204462111943 0.7421247680414318 0.767180312025151 0.7803897292411787 0.802260694444237 0.8664997950312251 0.9046495988864223 0.9776103628493773 1.014885996011719 1.0588786579186649 1.127120671664863 1.4406193268630085
46 506 0.264738303173283 1.4639846546898498 0.599781536851243 0.599781536851243 0.6229310020720524 0.7200030951515303 0.7630718552470976 0.7793165024801085 0.8061030841997954 0.8858695016599974 0.9066362281762487 0.9731970523367114 1.0067280750485261 1.055938373867397 1.1246596601434729 1.4639846546898498
47 517 0.25988814379114256 1.4653586287872062 0.6035716227356343 0.6035716227356343 0.6169628547255624 0.7192682720921209 0.7557128919180682 0.7796079832376607 0.7983824408280468 0.8902958026852572 0.9169930724095744 0.9687559171607562 1.0141488688010862 1.0551480844203125 1.1031514798706548 1.4653586287872062
48 528 0.24971639157351197 1.447349852507658 0.6108773930761268 0.6108773930761268 0.6224672382680221 0.7180879737656449 0.7480048679290653 0.7666967651044438 0.7986354184899614 0.879004535194865 0.9247223890533934 0.9604121071445646 1.0081154494584486 1.0649959832627125 1.098988874181528 1.447349852507658
49 539 0.22850688968220553 1.4497263980591197 0.6003080721144294 0.6003080721144294 0.6227412501965855 0.719195015493778 0.737537056383154 0.7530065916972404 0.7913839750701818 0.8745528220205694 0.9178467047042425 0.9633932546482964 1.0132381612503127 1.0688423571943457 1.1004531120581365 1.4497263980591197
50 550 0.22329282625854027 1.4676624369193738 0.594285445047639 0.594285445047639 0.6062839685494901 0.7042056121930048 0.732974139612472 0.7535919855224545 0.7834263351512354 0.8640955735498556 0.9269023858467528 0.9461879268850132 1.0066013772693707 1.049446573079685 1.1121230556038226 1.4676624369193738
51 561 0.22774550326683296 1.4610530327675495 0.5877358901853196 0.5877358901853196 0.6098101981160597 0.6956957900612986 0.7358969765465984 0.7579406756652817 0.8013966353565699 0.8694367998028995 0.9342789166292694 0.9389697724547779 1.027172991728193 1.0507619314606198 1.1155959332534937 1.4610530327675495
52 572 0.2259007113747559 1.4561416439912298 0.5794406760419271 0.5794406760419271 0.6193699545496396 0.6890511916390473 0.7362287997907478 0.7444631038449254 0.7991352264781496 0.8933628218524065 0.9288348523449944 0.9412230517479869 1.0172055940125175 1.0428495552312436 1.1228881775966346 1.4561416439912298
53 583 0.21702401070329033 1.4355031424295612 0.5717712512692044 0.5717712512692044 0.6109113491001318 0.6787296923445468 0.7220180450094761 0.7483583616302645 0.7904120331870738 0.8920596244366558 0.9295617277562449 0.959735669525072 1.0166803807663247 1.0410387625442297 1.1357959326583908 1.4355031424295612
54 594 0.21422100733076171 1.4310506487620722 0.5643350262091544 0.5643350262091544 0.5987749076251628 0.6769175243868407 0.7135253835840235 0.7442148781438762 0.7932818872687369 0.8988710006837582 0.9174768762234039 0.9513717751182663 1.0093513700343597 1.0523208316960224 1.137011727267477 1.4310506487620722
55 605 0.20933339976923612 1.4690037101198332 0.5530884233683606 0.5530884233683606 0.5994190245315436 0.6729649718262051 0.7022519512810705 0.7455021750382442 0.7891438315755478 0.892270239029863 0.9135157273241375 0.9445260229900159 1.0054345708377685 1.0416329133545925 1.1744419680766471 1.4690037101198332
56 616 0.20096855574584388 1.4754473599155744 0.5439783550012365 0.5439783550012365 0.6011713656178442 0.6653993699108022 0.6919573293625075 0.7390419465355804 0.7949430903127008 0.8739616548590393 0.9082045155693348 0.9397662448325601 1.0057140059241914 1.055962362824108 1.1725963263255879 1.4754473599155744
57 627 0.20069580852847538 1.468354679753793 0.54488024572097 0.54488024572097 0.5981701148450048 0.6666370422806098 0.6950447978866164 0.7295458155617189 0.7849177345644758 0.8726734662144221 0.8963480823998478 0.9421678783533999 1.002233145285162 1.061889452288831 1.1817695385796352 1.468354679753793
58 638 0.186930441756788 1.4798703855414523 0.5495263851450374 0.5495263851450374 0.5907055290195057 0.664731377873915 0.6975488005998716 0.716910782568106 0.7731279194054266 0.8709626155541697 0.892544729502693 0.9366551151563777 1.0234195631692873 1.0428728587034122 1.2012299797101815 1.4798703855414523
59 649 0.1795058045629204 1.4567698357470213 0.5352534925540646 0.5352534925540646 0.5811485677176991 0.6618939813296758 0.689524020691828 0.7109863523074762 0.7810456627921729 0.8738352751099255 0.8940017884503179 0.9308444591392332 1.0185430709101768 1.044729661403924 1.2024631312891811 1.4567698357470213
60 660 0.16927997181998025 1.4547965307460473 0.5418630989645545 0.5418630989645545 0.5747488533231307 0.6548808093093214 0.6757628844482922 0.7012887251093731 0.7773992583924456 0.8725913471472299 0.8951937830461382 0.9176751134323752 1.016875753698157 1.0390260782747238 1.2164161280982713 1.4547965307460473
61 671 0.16605241485454733 1.444735075316325 0.5272409505250014 0.5272409505250014 0.5703794682692571 0.6575152619554655 0.6808858170632972 0.7092412522012899 0.7697513680443165 0.8600982147795597 0.8948513478968624 0.9107191376772046 1.010721996061174 1.037206227334137 1.2025961256758309 1.444735075316325
62 682 0.1657908359641122 1.4452860587714595 0.5313011252715845 0.5313011252715845 0.5729388170419769 0.6623752468547703 0.6808527383749385 0.7178963890220872 0.7631344340067143 0.817161017708516 0.8785922668619575 0.9106884563924309 1.0109470577585857 1.0421011514078569 1.2044333180640605 1.4452860587714595
63 693 0.1774700889537695 1.442856742261687 0.5288413184398085 0.5288413184398085 0.567453281321321 0.655956046518548 0.6792905523726852 0.7062017257975128 0.7592552861825759 0.8218232808320971 0.8795992474055734 0.9105038193343792 1.0103582802352307 1.040069992048153 1.201266436840335 1.442856742261687
64 704 0.1737041157585558 1.4213652417409712 0.529439156452802 0.529439156452802 0.575098685520039 0.640392685067091 0.6750465343551801 0.7031911175614032 0.7549520921138203 0.8388575045395806 0.875405145542363 0.9054062099269374 1.0179654192413798 1.0404065565019929 1.2063799823635464 1.4213652417409712
65 715 0.17919598970078462 1.4031415613291145 0.5293888130450886 0.5293888130450886 0.5761732359922085 0.6355410909850531 0.6639680094981784 0.7024604999218964 0.7459726827107831 0.8324520095265298 0.8776417932832843 0.8980465904417522 1.0046574624910425 1.0350583151240493 1.2062061085859754 1.4031415613291145
66 726 0.18128434923724054 1.4483509638019954 0.5339025284700822 0.5339025284700822 0.5842182345273409 0.6345606879921722 0.6710283888180508 0.706522400566776 0.7280828382684723 0.8253489162527533 0.8463770483488483 0.8928449156752183 1.0073178152364903 1.0235661941556444 1.1992040074549646 1.4483509638019954
67 737 0.18668078989140383 1.462869899377638 0.5340947579319552 0.5340947579319552 0.5826826176568414 0.6259370369222176 0.6735527246063466 0.7066041922816179 0.7260288191914881 0.8028431959584874 0.8411436205536558 0.8893451218773678 1.0039141322932748 1.0140507879790777 1.201972982929831 1.462869899377638
68 748 0.18067276005583588 1.48653033216269 0.5320626649702117 0.5320626649702117 0.5847148567562235 0.6192321464021175 0.6808003615749443 0.6984274802111932 0.7269732548781548 0.808501373792033 0.8356564505621742 0.8911482229065817 1.0005831239242988 1.0110147102141969 1.201299420766399 1.48653033216269
69 759 0.17594464211379804 1.472219618184346 0.5320549434702213 0.5320549434702213 0.5753057996482563 0.6076790092863432 0.6731699938783823 0.68927819249145 0.7302326709810372 0.8053872701893361 0.827713712459277 0.8997665664758947 0.9957523350133936 1.0035814009824529 1.2292749034155834 1.472219618184346
70 770 0.169447307762267 1.4695577445684895 0.5112008934634596 0.5112008934634596 0.5736221809439748 0.596962099016252 0.666196158851878 0.690744592678894 0.728870510648109 0.7973866557143549 0.8339571831616569 0.8930550610000061 0.9957373126723567 0.9990047573938208 1.2436582323772565 1.4695577445684895
71 781 0.15506009917071747 1.4914611932565065 0.504689080278912 0.504689080278912 0.5734904061870303 0.5948996920334857 0.6450918025320985 0.6917264263292154 0.7347123878440008 0.7959936544847169 0.8352183849336119 0.8912733580328404 0.9772490456414813 0.9942343151129306 1.2203208441501525 1.4914611932565065
72 792 0.1439335569212404 1.4991346122913238 0.5022978673713612 0.5022978673713612 0.5687122728108125 0.5892232417575457 0.6412738653319183 0.6877730756189769 0.7352201399298106 0.8061343595188023 0.8394253134292718 0.8680692258000096 0.9638705461699107 0.986859113310057 1.2334860314858784 1.4991346122913238
73 803 0.1348240499504005 1.4883498283058512 0.49649015709848476 0.49649015709848476 0.5701761123201605 0.5783282058046466 0.6334373021544764 0.6790845997374318 0.7239064834016408 0.8091136678909948 0.8452889292538897 0.8907715842696854 0.9629636386286671 0.9898198566786287 1.2242247481836577 1.4883498283058512
74 814 0.12387733589980267 1.4548503297026092 0.4936279558722881 0.4936279558722881 0.570483755996408 0.5772619037594041 0.625793381362102 0.6741081042893149 0.716608404696996 0.7963379241777103 0.8459989660780759 0.8855996148719262 0.9613066992175883 0.9942677489007843 1.21519952265995 1.4548503297026092
75 825 0.12325053812319836 1.4477817416084988 0.4929574430242021 0.4929574430242021 0.558066158667475 0.5724014127406404 0.6175487180737009 0.6700625523768472 0.7141787913750879 0.7950787874459042 0.8464584279382265 0.8732238052647724 0.9650092190212907 0.9827806966849172 1.2263564794416901 1.4477817416084988
76 836 0.11569054075253864 1.543179696212248 0.4790655869524434 0.4790655869524434 0.5492687551040505 0.5727231744748505 0.6185450223883976 0.6678563947879493 0.720995804045381 0.7973604179277609 0.8256842437639837 0.8660534057196788 0.9577767133632008 0.9784087935878523 1.2254652615309312 1.543179696212248
77 847 0.10850654820729265 1.5513970768462022 0.47856148672027377 0.47856148672027377 0.5307398349584385 0.5711399670712703 0.616401938008118 0.6602319035959785 0.7169208972385152 0.8050228112198964 0.8225323242734699 0.8585261561389251 0.9522761140511593 0.9724024317551053 1.229557202895714 1.5513970768462022
78 858 0.11048077133543198 1.5544889093963956 0.4799740267987239 0.4799740267987239 0.520458217498917 0.5691202703982126 0.6043633561439153 0.6700264300955198 0.7109269233673393 0.7932899723005656 0.8169159555995817 0.8565381460053729 0.9530520664750107 0.9723131710299533 1.2076006735812561 1.5544889093963956
79 869 0.11403609496876542 1.5606207108036236 0.4772738387633204 0.4772738387633204 0.5184133866893451 0.5455461791000834 0.6028281372922711 0.6879510371357564 0.7059905992904757 0.793068241009071 0.818335798897496 0.8727884110898418 0.9541081140309998 0.9848422623430142 1.1915123442913698 1.5606207108036236
80 880 0.11071567801836722 1.5676396794073353 0.4793302089781364 0.4793302089781364 0.5100330932671349 0.5441260505232172 0.5925316890514478 0.6894140012735246 0.7237939549510999 0.7874867364904559 0.8143230402552937 0.8719328677952326 0.9521444422065322 0.9785381480299933 1.189377764000945 1.5676396794073353
81 891 0.11217191145170391 1.558012502033093 0.47284449944805723 0.47284449944805723 0.5072935190316854 0.5432413433882345 0.5872662897477353 0.6720092836811926 0.7316561062921818 0.7860271501396148 0.8228922379176642 0.8606089149270685 0.9526576121270742 0.9821429671684903 1.18684215755887 1.558012502033093
82 902 0.12461204424155689 1.5825044415929357 0.4666170484023233 0.4666170484023233 0.5021484580818637 0.5366318993350189 0.5852200556654208 0.6659957690281795 0.7336223640014128 0.7872255759569975 0.8190913616562925 0.8722914537182378 0.9441286252157822 0.9753181069387515 1.1995445006377805 1.5825044415929357
83 913 0.13592719052939495 1.633759653719558 0.45677123532843605 0.45677123532843605 0.4944016179501478 0.526486732869741 0.5917441530107171 0.6665596276992712 0.7396984195935254 0.8007175277798455 0.8455619979424126 0.8975451535636736 0.9404083370744492 0.9671037049874259 1.1885956689677148 1.633759653719558
84 924 0.1410132489737078 1.636163575103717 0.4471759001360873 0.4471759001360873 0.4953357701248661 0.5294618386882677 0.5912910337632518 0.6671901225765263 0.7177240051058241 0.7982316186211821 0.8240453804594784 0.9342130061194427 0.9482197311953412 0.9600206217639089 1.2308602495720675 1.636163575103717
85 935 0.13965674181494497 1.6415604090668132 0.44677853714622545 0.44677853714622545 0.49395263718337323 0.5152124983047237 0.57933028498227 0.6701269266768951 0.7161690104999006 0.7935797652177775 0.825556584835704 0.9356360040098683 0.9395056759355235 0.960934922431926 1.2505889127723024 1.6415604090668132
86 946 0.12728098015070335 1.617408748747091 0.44091409548200616 0.44091409548200616 0.48900235307513806 0.5229189633124858 0.5813149118114839 0.6686616843894744 0.7132454127209128 0.7606911468489245 0.8143883260119194 0.9296762484401114 0.9459161356246166 0.9688170965380495 1.2647715961647767 1.617408748747091
87 957 0.12427026867126861 1.6463170189662955 0.43302076583461785 0.43302076583461785 0.4835627900831249 0.522174955629603 0.5861840370952508 0.6641711193582227 0.7111851962484402 0.7564452827495328 0.8101898788911703 0.8913255753350477 0.9478660983083321 0.9636620140763633 1.272411015989481 1.6463170189662955
88 968 0.1259156842783869 1.6795573487072935 0.43117145605134405 0.43117145605134405 0.4759907569820556 0.5209005368213749 0.57841760767432 0.6609386992162737 0.7009624828069697 0.7539470139146197 0.8087930173980404 0.8881282026186539 0.9270517932264872 0.9675847105747366 1.2655877795723498 1.6795573487072935
89 979 0.11998812208913934 1.693205578529273 0.4340788630887658 0.4340788630887658 0.4709261526433149 0.5214961916745319 0.5934806204716585 0.6552924007581264 0.6971302154995251 0.7651512324510967 0.8018123034845499 0.8743317261701293 0.9296334667284785 0.9717052576333141 1.223629738325339 1.693205578529273
90 990 0.11584900634813333 1.6602652020304698 0.4303713508310109 0.4303713508310109 0.470224655190807 0.5214002413516965 0.5829239878061491 0.6570300705360532 0.6872115143149804 0.7493072468315811 0.8029114849246407 0.8732115163383742 0.9584103555335121 0.9694691926211818 1.2250906337073963 1.6602652020304698
91 1001 0.11330720237925845 1.663656170472336 0.4360730295622322 0.4360730295622322 0.4624920908192325 0.5184979960634075 0.5827278663833224 0.6469559887805503 0.6819437343150831 0.753062406500164 0.787284497755629 0.8654683040581502 0.9593408489730247 0.9848971500434397 1.219496818535053 1.663656170472336
92 1012 0.11210778081773928 1.6574209098605037 0.42962754575295536 0.42962754575295536 0.4605415264364292 0.5167166173263538 0.5769623506401793 0.6414489747639992 0.6831658995762504 0.7461375459496319 0.7813706835494819 0.8629338700760427 0.9453756431126276 0.9903646496057289 1.2158859412365628 1.6574209098605037
93 1023 0.10730304915916675 1.6561135628635486 0.42437696635058914 0.42437696635058914 0.46151341327433537 0.5182203776857248 0.5829659654848288 0.6386561183183714 0.6667963639981112 0.733538466061052 0.7762790805861943 0.8619116079263777 0.9378163446482495 0.9667563497693764 1.2436538261742807 1.6561135628635486
94 1034 0.09717509789768133 1.6671422723168885 0.4213313946516719 0.4213313946516719 0.45572001314100186 0.5103728816021449 0.5765155942803798 0.6271161579176521 0.6709718089182362 0.729109802316999 0.7785636106647247 0.8541419914657314 0.9291215819749044 0.9725820553213449 1.2333942643475495 1.6671422723168885
95 1045 0.09093660815054735 1.6451228962098137 0.4175818544570794 0.4175818544570794 0.45710849727209985 0.5077857609373644 0.5738145337506688 0.616673609620436 0.666883245239037 0.7162481725470291 0.7748205185957387 0.8683876327549498 0.9135497174621661 0.9813377816371065 1.2365256362842836 1.6451228962098137
96 1056 0.08661583462750717 1.6113625582794486 0.40450391880548886 0.40450391880548886 0.4553015543083543 0.5117194475016565 0.5760280434003539 0.602659957270623 0.6721040166072372 0.7131427157881841 0.7706461984488777 0.8700774970104662 0.9123081456095583 0.978658694766459 1.232754273017698 1.6113625582794486
97 1067 0.08440646090956667 1.608279011052486 0.39438755116823293 0.39438755116823293 0.45244863420309817 0.5014888379096009 0.5654688981930308 0.6058505901685767 0.6708931472821064 0.714956047413202 0.7773054711022127 0.8564598090383873 0.9160254710117308 0.9814870649943368 1.225330113639647 1.608279011052486
98 1078 0.08424755536804998 1.6300267615230888 0.3922561372169151 0.3922561372169151 0.4502078095181177 0.49989886673728234 0.5591002824761391 0.5978526832381901 0.6654196307582582 0.7112505897880457 0.7803354174115645 0.8537551908498248 0.924328704605613 0.9746857044164042 1.255567579772501 1.6300267615230888
99 1089 0.08209085902017367 1.6091796140120664 0.39291843428819456 0.39291843428819456 0.4580190384272607 0.4981280339578921 0.55399893062502 0.5953057695889553 0.6617831205452761 0.7240738402250475 0.7791166771482683 0.8497922957940176 0.9376144613986993 0.9607925146663785 1.2487781302327647 1.6091796140120664
100 1100 0.08071654799648408 1.6470381725963121 0.3868492714980505 0.3868492714980505 0.4562006593791927 0.49949167412545353 0.5496838794085843 0.5890906919694235 0.6567082356112182 0.7187934553753355 0.7753935383918646 0.846955374794333 0.9376452605059056 0.9584613659531007 1.2511461648243964 1.6470381725963121
101 1111 0.08075767539702766 1.6598052996601775 0.3631725604313178 0.3631725604313178 0.4586014214467446 0.5012454230646507 0.5401843158107708 0.5864561822328658 0.6570781377899311 0.7271288834987673 0.7703021250177551 0.8461397243222812 0.9302442052525614 0.9593869548255665 1.259551497894677 1.6598052996601775
102 1122 0.08156030749280392 1.6613470316155028 0.35726061011766613 0.35726061011766613 0.4462089635849237 0.4929816533409836 0.538899279955797 0.5984974710931018 0.65634714477442 0.7219640197998958 0.7716847605352732 0.8547072388187681 0.924112706902956 0.9558311877313344 1.259508545470604 1.6613470316155028
103 1133 0.08677821530769313 1.658110043699956 0.35295393918541973 0.35295393918541973 0.44797613868270797 0.48977428565640124 0.5414032324899629 0.5852477794591933 0.6519869536110262 0.7249004898882933 0.7670532107503464 0.8530030418776348 0.9216311355186709 0.9730386971696281 1.2669800588730615 1.658110043699956
104 1144 0.09232966086988303 1.6698601084014406 0.35079702341736546 0.35079702341736546 0.4411255839615483 0.4865393672033215 0.5474801582981322 0.572580737739754 0.6542370616072088 0.7084702848580158 0.7659793949828061 0.8596434829079926 0.9215503442307499 0.9722588302927203 1.327862484242001 1.6698601084014406
105 1155 0.09578639902742188 1.6600386677999015 0.3447899457290662 0.3447899457290662 0.43958478318488187 0.4859558424655303 0.5481509310187039 0.576426351591524 0.6522631386263855 0.7440561702966528 0.7661397204454355 0.8512560331895104 0.928302729447571 0.9645252306508322 1.3008666793473558 1.6600386677999015
106 1166 0.09713717580075741 1.6645187916994966 0.3399406614380323 0.3399406614380323 0.4388680550560249 0.48438915482486367 0.5457023572673638 0.5782007734607075 0.648109339106191 0.7374437077080334 0.760370917190768 0.8534349169280392 0.9221763078515086 0.9666772714822754 1.3238572062061846 1.6645187916994966
107 1177 0.09744918533435681 1.6767129942610444 0.3408466779923759 0.3408466779923759 0.4323175804855837 0.4837598397266995 0.5495600445067412 0.5757528062135642 0.6454334263029146 0.7188540069403685 0.7612529540861142 0.8585388033436189 0.9002533482813374 0.9531344331471071 1.3275087737488673 1.6767129942610444
108 1188 0.09529875919429519 1.6682423847443528 0.34118301776648224 0.34118301776648224 0.4356031895639353 0.48789567110504656 0.5469076532830627 0.5732411224227857 0.6494957316984554 0.7201912052192637 0.7454914496211177 0.8503886581045187 0.8844950708227126 0.9318869182079176 1.3292605193872873 1.6682423847443528
109 1199 0.08535627747894571 1.6678406243275332 0.3396627513900508 0.3396627513900508 0.4285940659422354 0.4811971645242964 0.5557222929868049 0.580490622790761 0.6451487228752771 0.7221948212230929 0.7574170830972523 0.8564330250533547 0.8777438980799881 0.9300208747228702 1.326021545884708 1.6678406243275332
110 1210 0.08368752670008799 1.6449620688432571 0.3323426901901324 0.3323426901901324 0.4295899130907633 0.4851122494714519 0.5579954130934514 0.5763223205585438 0.6498841511341082 0.7147047794494275 0.757432394640772 0.8467565840437902 0.8740141555219821 0.918612022553629 1.311182336710282 1.6449620688432571
111 1221 0.07936961270609737 1.6342591440153027 0.333281104699945 0.333281104699945 0.43109711736455225 0.4855397692532617 0.5386410285590996 0.5921770142769307 0.6394749688873786 0.713748435730387 0.7694617493430839 0.8463765975928562 0.8831848468481625 0.9273213526101499 1.298273654685873 1.6342591440153027
112 1232 0.08075300631201313 1.6363057504986274 0.33246791166853956 0.33246791166853956 0.42058677062297006 0.4863268726273951 0.53442036277658 0.5878618363430825 0.632518135713307 0.7067801088025805 0.7682944629327783 0.8560897993141577 0.8923591810474658 0.9259724351759913 1.267393930583878 1.6363057504986274
113 1243 0.07922973074920088 1.6873094972280902 0.3338905603386174 0.3338905603386174 0.42087012753123804 0.48804635541389796 0.5377234457766767 0.6020200723828009 0.6228452861198477 0.7079463736953963 0.7644688712574511 0.8541707113553241 0.886638199054284 0.913883136431467 1.2389821406280115 1.6873094972280902
114 1254 0.0791177817445527 1.6931302881712946 0.3333912267381465 0.3333912267381465 0.41888750639916955 0.47519724755757425 0.5372324498766204 0.6062431694902701 0.6239677608635905 0.7202796176845436 0.754214733338645 0.8543316395488251 0.874279454661903 0.901161715890527 1.246936813524658 1.6931302881712946
115 1265 0.07654789866422855 1.7133299557549908 0.33034936342394106 0.33034936342394106 0.41719968271037017 0.4691918898719819 0.5351567514654748 0.5989523328536838 0.6270345139047537 0.7181722595148022 0.7731239211080662 0.8195113121443801 0.878030514973038 0.8984321465390189 1.2544230576029836 1.7133299557549908
116 1276 0.07338468742283126 1.7211927623998637 0.32313453492835076 0.32313453492835076 0.4138015330135451 0.4709135162488083 0.5206521094646385 0.5967301753067669 0.6110921047230383 0.718861835442083 0.7698952642383133 0.8146183032354948 0.8677163254709128 0.9021787293309655 1.2695751346056412 1.7211927623998637
117 1287 0.07282688192559622 1.7211780434781478 0.3233524241178242 0.3233524241178242 0.4062430681814915 0.4713463235487806 0.5177307638343526 0.5819313353111188 0.6169529630782352 0.7171801912527177 0.7657971646982001 0.8109483410992743 0.8590819438882025 0.8924493179964252 1.2614953904496855 1.7211780434781478
118 1298 0.06925850725872505 1.8057648106010422 0.3196647795071449 0.3196647795071449 0.4091303702387773 0.46696805087142745 0.5159069668028183 0.5742189304111709 0.6188868358324088 0.7101923007356028 0.7659781246619016 0.8152471339887599 0.8558671168682745 0.8822573378488421 1.2219052349830994 1.8057648106010422
119 1309 0.06906836779997284 1.8096863800286656 0.3201941215211119 0.3201941215211119 0.4075006504510019 0.4674589762211486 0.5104616799916779 0.5609182409375364 0.6141282015141518 0.712100641635207 0.7600182497712713 0.8047934366853403 0.8553780879625514 0.87602535343109 1.2104473205029904 1.8096863800286656
120 1320 0.06662057025963256 1.8063985675621714 0.31713596374606473 0.31713596374606473 0.4087375320781304 0.47205786837144464 0.511854211901287 0.5520214505385133 0.6110647515474248 0.7090375605811091 0.7591051792819673 0.8037034796564136 0.8461377168406709 0.894148069169074 1.206198858271965 1.8063985675621714
121 1331 0.0660865075831362 1.765206719464764 0.31741826921760624 0.31741826921760624 0.40041380013758404 0.4648367348867564 0.5116653778875603 0.5483047347773884 0.6104706304955353 0.702953813860963 0.7494371398586603 0.8141094961164752 0.8479622498137291 0.9131491014384927 1.2054510189469327 1.765206719464764
122 1342 0.06768944258264732 1.7679406695339996 0.32310638675471665 0.32310638675471665 0.388851386058321 0.4565594120093582 0.5134540978220421 0.5462233710193134 0.6061041830265422 0.7116332552155467 0.7396343230102799 0.8300667771736256 0.8420524168969309 0.9183079709099983 1.2121841712838646 1.7679406695339996
123 1353 0.06670380566632432 1.7535338193264278 0.31794438690064875 0.31794438690064875 0.38950371004859136 0.4567310125032306 0.5036525320270826 0.5518380243504835 0.6068544040527015 0.7065235400661969 0.7358000770437575 0.8367304909761862 0.8589552737158263 0.9249488226874906 1.2208640825819026 1.7535338193264278
124 1364 0.0680187272928893 1.736497488922075 0.318917759159805 0.318917759159805 0.38337062458470655 0.457136736599428 0.49720680207247175 0.5500246602617537 0.611126985991158 0.6939420534204621 0.7393962043014498 0.8282994356710036 0.8696709199148717 0.9380954986847904 1.2030521434350565 1.736497488922075
125 1375 0.06497190704691785 1.7341615936618184 0.31782455283148653 0.31782455283148653 0.37883686739688616 0.45422128827937064 0.49594187678824625 0.5524710292706424 0.596202170816978 0.6990499095650441 0.7363909156711814 0.8201772613909541 0.8596076208005774 0.9505202222215297 1.221036570218154 1.7341615936618184
126 1386 0.06605408431385439 1.7537335579822595 0.31413984314896687 0.31413984314896687 0.3786293703936179 0.45104289454013935 0.48379706351093527 0.5515665581750676 0.5908626316194853 0.6951859461196158 0.7445890360838798 0.799842790965015 0.8583617885750338 0.9493776195751231 1.232247948281246 1.7537335579822595
127 1397 0.06612377448710716 1.7651516802376201 0.3127716017126917 0.3127716017126917 0.3762302582651119 0.45065866328901616 0.48012393379716745 0.5621693795516697 0.5992405999113746 0.6979751856107927 0.7364764264765142 0.7940023627771313 0.8559341839104925 0.9302550227993065 1.2495898791102416 1.7651516802376201
128 1408 0.0659091012951443 1.7550690775277493 0.3126060202425715 0.3126060202425715 0.3749902216035127 0.4405313658809844 0.47760701912391595 0.5648513200156564 0.6062048011680079 0.6857879218193726 0.7537436054371369 0.7786927694112202 0.8614719087477847 0.9219218646394277 1.2350956826039101 1.7550690775277493
129 1419 0.06489864956985604 1.7877068839000325 0.3160890478602754 0.3160890478602754 0.36782810364906654 0.4350068730044653 0.4794220242837966 0.566133233261358 0.6167536010509669 0.6812063180833708 0.7428759678953096 0.7718150536353143 0.8654879222776741 0.9171445323808517 1.214589287381523 1.7877068839000325
130 1430 0.0669950024946606 1.7917686182288637 0.3115090255612552 0.3115090255612552 0.36863001669460005 0.4290677145151161 0.47658801277268986 0.566818260719967 0.6146512996400387 0.6781465158713015 0.7377756663349233 0.7735217553172952 0.8581280221440151 0.9050930251300503 1.2057252394951359 1.7917686182288637
131 1441 0.06545677573135826 1.8131318898557016 0.3119388966990396 0.3119388966990396 0.362113793927304 0.42362644924066656 0.47124316190363524 0.5732933096733475 0.6162675173316038 0.6756760482898856 0.7300555506567072 0.796190643393661 0.844524568631306 0.904636821797101 1.1781786798367657 1.8131318898557016
132 1452 0.061864818867119406 1.8308052203087757 0.3120036772144336 0.3120036772144336 0.3611240920276043 0.41492619942321685 0.46783185572614083 0.5649972246376826 0.6134794816935939 0.6717462183047297 0.7255970644789468 0.7950951832824382 0.8481205731106288 0.8999062769057296 1.1449233376419041 1.8308052203087757
133 1463 0.060266629852831786 1.774525795037993 0.3112233946499311 0.3112233946499311 0.36275399074978226 0.4163466728195756 0.46675972866547044 0.5672019101619369 0.6129677138811574 0.6722237675511757 0.7240339223991827 0.7939888747286729 0.8496925182821482 0.8977760362750029 1.1292659147847361 1.774525795037993
134 1474 0.0584644424301487 1.8042984715451114 0.30966178733992933 0.30966178733992933 0.36266149890350396 0.41400688680370923 0.467666048305375 0.5646449895053011 0.6039808186167389 0.6742974022095616 0.7092278110905447 0.8029671020507704 0.8588603421202077 0.903903956448631 1.1093375135055499 1.8042984715451114
135 1485 0.055272829882442726 1.8165192108696762 0.30928097540993893 0.30928097540993893 0.3642876666397613 0.41656187180232584 0.45977926634015187 0.5643868186617366 0.598061753672413 0.6798916931273942 0.705066521541338 0.8058039145422349 0.8325471112681956 0.9045634805003563 1.1145969950936112 1.8165192108696762
136 1496 0.05357052084490501 1.7867955029278784 0.30143637251373606 0.30143637251373606 0.3675374755457388 0.41321076921398625 0.46234543135630357 0.560789451836688 0.5944439937867823 0.6742351678072694 0.7115352865578263 0.8030101981366916 0.8491334269224894 0.8976288935565676 1.1099222485585443 1.7867955029278784
137 1507 0.0515225253976562 1.7594555858591518 0.30044994651031925 0.30044994651031925 0.36220349846933675 0.4129946084514554 0.45597369937327625 0.5550076442363204 0.5967970019024225 0.6809824814001292 0.7160893700661957 0.7905763298753752 0.8451646711989317 0.902246661802472 1.1045712633691256 1.7594555858591518
138 1518 0.04916410729740239 1.7382023891773855 0.30174612344892904 0.30174612344892904 0.35977720221543413 0.41223723055024675 0.4550392291915874 0.5480274577220333 0.59949456540628 0.6796845278517312 0.7159616311040244 0.7819037101985143 0.8479115180026224 0.8773883244385238 1.1028123287895975 1.7382023891773855
139 1529 0.04461260453335939 1.725199018339385 0.3029339001287078 0.3029339001287078 0.357863686157628 0.3974476122394376 0.4492598642134185 0.5463362861104833 0.5947386780002253 0.6812315730135491 0.7213617637299116 0.789541817718736 0.8497914022821651 0.8605598570107899 1.105652545622283 1.725199018339385
140 1540 0.041511899835551654 1.713905065157495 0.2997378918633237 0.2997378918633237 0.34999403016758307 0.4003832117974833 0.4422528983168806 0.5362729615758162 0.5925353868229423 0.6745322118284264 0.7246497179858992 0.7865540016726699 0.8395509094444747 0.8678185998718428 1.099410566959714 1.713905065157495
141 1551 0.038394450366192656 1.7576657661049164 0.30029889964944106 0.30029889964944106 0.34390694376437664 0.398451856386581 0.4404245678170134 0.5390315078971715 0.5854320451435935 0.6657722128199726 0.7311171716576005 0.7881018909595138 0.8208096545996658 0.8691680293935146 1.0890600526044234 1.7576657661049164
142 1562 0.03636756048149296 1.7549709655608225 0.2965648858954136 0.2965648858954136 0.34193732939691296 0.3962927974327697 0.44248937123752957 0.5415218230966731 0.5773643562997596 0.6653488267622814 0.7300205900120876 0.7922366499045083 0.8188374421069656 0.8611734296270885 1.052764333812334 1.7549709655608225
143 1573 0.036490888536919716 1.7604949690360494 0.2958999322567742 0.2958999322567742 0.33247991234855784 0.3969926642563176 0.44401101545105803 0.5298189988362064 0.5751764779743097 0.6509057349706221 0.7256909282000942 0.7957503283201428 0.815455150012891 0.859091558406356 1.0636774845573729 1.7604949690360494
144 1584 0.038951448937336555 1.835087560210843 0.2978857549162674 0.2978857549162674 0.3208802934143707 0.3928174108978689 0.4389547632390982 0.531696867236408 0.5714546060132396 0.648773277009459 0.7190273817839673 0.787163133012349 0.808136631229589 0.8593631879412135 1.0670651057596139 1.835087560210843
145 1595 0.04134290137518737 1.9330245753374904 0.2923025107811013 0.2923025107811013 0.32075007798750266 0.39108973647940104 0.4389445935705892 0.5287267551984962 0.5807737653319782 0.6551171898691834 0.7136345524966148 0.7562058421553126 0.8072518529540329 0.8600373782329671 1.0591792554457573 1.9330245753374904
146 1606 0.039753895417349604 1.9453311420269255 0.28792238963510947 0.28792238963510947 0.3130648847821691 0.3857331926388475 0.43405045659123104 0.538989619655017 0.5934946455666144 0.6516273754504038 0.71157039203307 0.7501033562956999 0.8197337247217787 0.8627478076825527 1.0643230817584897 1.9453311420269255
147 1617 0.04233791252865174 1.8806041962904199 0.2837224907272804 0.2837224907272804 0.3092607513867527 0.3881817247848724 0.4270253898327595 0.5367733055842335 0.5943740477367921 0.6530681678710235 0.7133382315332066 0.7583717059140017 0.8115919126677489 0.8725848460861012 1.0536331400780994 1.8806041962904199
148 1628 0.044593511020734465 2.0200909974017502 0.27487994310053837 0.27487994310053837 0.30368523471605896 0.3832333260042089 0.43047453502524125 0.5386499736817034 0.5909595229916151 0.6676209790349075 0.7050347725895726 0.7584936691991278 0.8113313818089579 0.8950200260539852 1.054659659954097 2.0200909974017502
149 1639 0.044823852602150834 2.083287540715471 0.27664773140641535 0.27664773140641535 0.29878644613139976 0.3820817080190828 0.42914909369497056 0.5357048645458304 0.5947321273503898 0.6771603937624541 0.7036607600350631 0.748803574470643 0.8174923155312319 0.9016464746208575 1.0028844011815665 2.083287540715471
150 1650 0.04632705889336781 2.1364419782395703 0.2721117316731498 0.2721117316731498 0.28966182293964043 0.3812534466834754 0.4242332795646076 0.5382349949553533 0.5926952636598398 0.6753938150384784 0.6980275610316033 0.7577988989063833 0.8136145847287256 0.8879743966671326 1.0068710124841733 2.1364419782395703
151 1661 0.04381517715637426 2.160650518594202 0.2671573994918491 0.2671573994918491 0.2939475863530606 0.3801863282194008 0.42410479695713804 0.5285805742685018 0.5844966506355997 0.6588465851583026 0.7046494984182811 0.759819755156355 0.8221370404368622 0.8829700630913904 1.0212446082548123 2.160650518594202
152 1672 0.04164726044148592 2.1263154873037484 0.26771149185807214 0.26771149185807214 0.292157814448574 0.3760307156806539 0.42158083944860625 0.5207782399719302 0.5878662006564994 0.6527555831942099 0.6992172213424027 0.7608991008398862 0.8310493596753405 0.8759236852708951 1.0204247842680527 2.1263154873037484
153 1683 0.039750656804737716 2.1433936992153013 0.26732328821138784 0.26732328821138784 0.2865321532019406 0.3715271639362845 0.416338771393623 0.5248540348894782 0.5785969442136054 0.6513088600564901 0.7135041773360173 0.755361904354055 0.8243754527141908 0.8612922798916343 1.033509864144509 2.1433936992153013
154 1694 0.03725944188186709 2.1497208793654834 0.2657977547154056 0.2657977547154056 0.2869379267897257 0.37440285185690847 0.4090488846503026 0.5121330873948468 0.5736971194463835 0.6477893053439311 0.7127494822076385 0.7443824494534815 0.8128934106688254 0.861649394567587 1.0284279697954917 2.1497208793654834
155 1705 0.03642102654469209 2.121228351200082 0.2646082581678674 0.2646082581678674 0.2822900518755607 0.3728930110202724 0.4032015924738779 0.5133748052367292 0.5655388780018703 0.6483259418581724 0.7166362008792114 0.7518455810806169 0.8127807353423311 0.871457059380713 1.0134503715268812 2.121228351200082
156 1716 0.032962757317398436 2.1143462412844687 0.2606904303573603 0.2606904303573603 0.28032739103903864 0.3735819326236054 0.4058328418265658 0.5092963263670985 0.5634602974046394 0.6533670529170642 0.70136413266109 0.742217219023604 0.818888476643087 0.8672097932482685 1.0111952966246442 2.1143462412844687
157 1727 0.030071651231463374 2.1137397815912466 0.26130545653094156 0.26130545653094156 0.27528289985407767 0.36675670431392526 0.4001578732277345 0.5041863984372138 0.5477215795302721 0.6542402535085596 0.692362105427307 0.7443248230635608 0.8183211560844824 0.8704141459169561 1.0276071575611274 2.1137397815912466
158 1738 0.030818822691024986 2.0927600225571594 0.2589146962452656 0.2589146962452656 0.2695002349548373 0.3587134683202489 0.4010474958519862 0.4970075366114634 0.5501965147645913 0.6480566518615469 0.6894101822604307 0.7369320022744927 0.822789106677465 0.8696465748738839 1.0294924115117559 2.0927600225571594
159 1749 0.03109390518247633 2.0641639220035253 0.25471220067304523 0.25471220067304523 0.26761932860754767 0.3529511744387072 0.4059288605438375 0.4990487716650584 0.5500666060349503 0.639855045481551 0.7210242225143267 0.7263286346226244 0.8423798852448086 0.8661235885390408 1.0634300567612802 2.0641639220035253
160 1760 0.030830356508432966 2.0482499669275853 0.24814002654067402 0.24814002654067402 0.26868696210533916 0.35478618354945124 0.40955701255017746 0.5044146819180355 0.5500968541740237 0.6454906654898692 0.7143471222636104 0.7361798007880989 0.8452002234023167 0.8616545389552449 1.0512348478654816 2.0482499669275853
161 1771 0.031032962723163995 2.0617473087662157 0.2434510005420985 0.2434510005420985 0.26569206047134747 0.3552071588726929 0.4109667742941868 0.5049867921937822 0.5529505772708643 0.6375847360770205 0.7177245788141405 0.7463280891628562 0.8287917444533198 0.8561315297726511 1.0435712866793085 2.0617473087662157
162 1782 0.03149843494089145 2.0572790114532764 0.24423347752927627 0.24423347752927627 0.2680356067850582 0.3526943869489591 0.4054561456619005 0.5034426338498535 0.5501219087611363 0.6389831297312975 0.7066435371935597 0.7536215828241405 0.8293079959799522 0.8411329316448987 1.0346446640316607 2.0572790114532764
163 1793 0.032562368452423295 2.0695669417740077 0.24261834072861924 0.24261834072861924 0.26470796882889974 0.34717495566549267 0.39534104902239875 0.4989849803299125 0.5448206169618175 0.6536594100117638 0.7066360561273969 0.7702806658407062 0.8334870201480413 0.8429562286853818 1.030961769698105 2.0695669417740077
164 1804 0.03275816669554891 2.0544792088666024 0.24232170910583345 0.24232170910583345 0.2660186615641669 0.3455339313260374 0.3965212752473402 0.5127294454000442 0.5366166148839051 0.6594544592784894 0.7034092848797577 0.7760852230836487 0.8218816691552426 0.8403474231015411 1.0346370421500222 2.0544792088666024
165 1815 0.03398228755639608 2.046330226878338 0.2409873957173765 0.2409873957173765 0.26623701738902417 0.3464052720751764 0.3952414351141028 0.5116768587607973 0.5316999733306805 0.6510843999478964 0.6934795067738554 0.7816509664571836 0.8087029645218264 0.8557751294282225 1.035465525090612 2.046330226878338
166 1826 0.03181531361992582 2.0685585684891223 0.236964225267124 0.236964225267124 0.26557342456998684 0.3434747516343409 0.39235497841236017 0.5121251057695752 0.5438555195971558 0.6410746066801086 0.6930593455030186 0.7860127278574317 0.7999217423258014 0.8754869718815385 1.0513951079714194 2.0685585684891223
167 1837 0.030337681932136953 2.0121181852791956 0.2329810129808761 0.2329810129808761 0.2694320294383832 0.3399418379553532 0.3844306446026614 0.5085735680211335 0.5480737662908153 0.638723684830696 0.6818127618714663 0.7901370665248815 0.7941181777625687 0.8761446707620245 1.0492408808288884 2.0121181852791956
168 1848 0.029033206031443777 2.0439228097532958 0.23150014466573515 0.23150014466573515 0.2643482073346814 0.33191719211839027 0.38656353316125275 0.5062355795013409 0.5460636532466298 0.6299811158456826 0.6846180781185065 0.7847726364407931 0.8092057011289366 0.8731296023232155 1.0415411030500814 2.0439228097532958
169 1859 0.028520476488074348 1.9780394163723005 0.23356412270433266 0.23356412270433266 0.2624266355752975 0.3308070615946064 0.38509842058411836 0.5128178806296396 0.5458966398968147 0.6210675861402962 0.6839769014928607 0.7806740765411047 0.81791829111533 0.8637145748884034 1.0310740161981207 1.9780394163723005
170 1870 0.030020556179336126 1.9762302401091603 0.24112867291850715 0.24112867291850715 0.2629406167208944 0.32894006987859103 0.38580806805043405 0.510289973798672 0.5440936219082461 0.6319462272099198 0.6809079785460911 0.7839493858393075 0.8041232329724658 0.8596242242216333 1.036288504190532 1.9762302401091603
171 1881 0.030179225073366414 1.9897589126224726 0.24477371010796775 0.24477371010796775 0.2630437898620543 0.32726800970432096 0.37768219614179765 0.5125586810338387 0.545883788584655 0.6406841074500247 0.6770157071810563 0.7707006220079003 0.8090172807394193 0.8888244808830217 1.012494424371094 1.9897589126224726
172 1892 0.02862940795168032 2.000364624092338 0.241883586661181 0.241883586661181 0.26456699045216836 0.322184956768783 0.37368582718506144 0.5072396740096216 0.5495959073679946 0.6442172181866398 0.6728888309269836 0.765351257740616 0.8082092034425118 0.8679991207391067 1.0105433227889848 2.000364624092338
173 1903 0.027377883140504145 1.9650835387211127 0.24197781156670126 0.24197781156670126 0.26517068739017235 0.316324157688055 0.3746295351637682 0.5097823440845192 0.5404764728479212 0.6345318003473209 0.6814126526099731 0.7495390504015792 0.8107707153752356 0.8691780890821007 1.010087426082806 1.9650835387211127
174 1914 0.028728317789267384 1.9320599398190788 0.24147798947711546 0.24147798947711546 0.26512068554326296 0.31491890712740916 0.37056736212874913 0.5041910632466486 0.5422301753981501 0.6222171792638066 0.6819595905843584 0.7495008865885459 0.8058322633177077 0.8709942154963933 1.0128452537481376 1.9320599398190788
175 1925 0.03065180051111578 1.9019566575679487 0.24121123698572344 0.24121123698572344 0.26750629743915977 0.3154265273184955 0.371300773446712 0.4958079336190238 0.5483519376286891 0.6219523893456441 0.6882781458773279 0.7400419052564026 0.8032622493450711 0.8939439661467475 1.0312616670905466 1.9019566575679487
176 1936 0.03088517601947748 1.8383093365687013 0.239943151245993 0.239943151245993 0.2679477166216524 0.31504917725238896 0.37039874590235605 0.49225646276196083 0.5530603226687097 0.6174115788091518 0.6996841424752404 0.7375918089448371 0.8014180078336914 0.958440121898224 1.0269919561612462 1.8383093365687013
177 1947 0.03262190294429596 1.840836840160203 0.24299919052786403 0.24299919052786403 0.2628398331910983 0.30699800170760566 0.3664471775288931 0.4869084574561557 0.5592029538464973 0.6168294756594302 0.7009144747118293 0.7370206956366524 0.8028257903231865 0.9731602968044296 1.0217116044417303 1.840836840160203
178 1958 0.032810956793666905 1.827882305633709 0.2406865919725909 0.2406865919725909 0.26440970899391936 0.30543568050988695 0.36771489523623213 0.48081128335146633 0.5640477346808029 0.6264553888267381 0.6882691226208155 0.733884744531057 0.7914200822557691 0.9962296799408891 1.0499028038163813 1.827882305633709
179 1969 0.029889583455673694 1.8112057427449042 0.2383020137553299 0.2383020137553299 0.2662520007206771 0.3054500122871278 0.36275409981071816 0.4728025512171254 0.557381641789047 0.635011469804709 0.6855079552295736 0.7329343720332683 0.7866204548873296 0.9683040049674386 1.0734980977636952 1.8112057427449042
180 1980 0.027239087807354335 1.7689876794336323 0.23417302671754767 0.23417302671754767 0.26397188765418866 0.2979227848775276 0.35812081092253034 0.47239121708409665 0.5586902816299523 0.6283548068547746 0.6923827160795392 0.7315485421125418 0.7811580960016538 0.9667298475027672 1.0848894474403101 1.7689876794336323
181 1991 0.025556340668384036 1.7649157006419902 0.23243008855146727 0.23243008855146727 0.263883846202986 0.2943940818305562 0.35669756814739945 0.4694258281302773 0.5509197741240777 0.6211442353202621 0.6947344302572298 0.730951975999569 0.766385878304642 0.9635735004066067 1.0750013264324498 1.7649157006419902
182 2002 0.024310175658105147 1.7594936754200927 0.23208533553278488 0.23208533553278488 0.2625247244660207 0.29380421859030326 0.3523565271621069 0.4580690780605534 0.5585119712927971 0.6141896994021985 0.677891852741783 0.7250620146304301 0.7679207190796917 0.964015858322624 1.0738453589311232 1.7594936754200927
183 2013 0.024359963308766094 1.7272506712221811 0.22961398355931043 0.22961398355931043 0.26024831119195785 0.29391078871400683 0.3532111535567523 0.45545629957467365 0.5473976525594315 0.6122845434156384 0.6775993754803266 0.7197194535425869 0.7697332518544702 0.9652746865753337 1.0704254171941876 1.7272506712221811
184 2024 0.02360408303771779 1.6860502903550638 0.22527567285275346 0.22527567285275346 0.25859334855193 0.29067739173385976 0.35813046836073925 0.45985180134140097 0.5484260174614386 0.6072471176926983 0.6682932604543584 0.7177002949493371 0.7677372615914222 0.9706660093694092 1.088768197474147 1.6860502903550638
185 2035 0.02245464628885031 1.677291961191252 0.2218604709668388 0.2218604709668388 0.2564842995449744 0.29398907666715035 0.3602290113823214 0.45829546457556447 0.5515713197367572 0.6077689202430636 0.6709840879336372 0.7028079025583854 0.7574413712251575 0.9707349355051378 1.0802064940462561 1.677291961191252
186 2046 0.02022419172512255 1.6385656047803683 0.22295004151455236 0.22295004151455236 0.2543823403942972 0.29441214209341254 0.3580071326808978 0.44183206281053844 0.5491498144429772 0.6087219731759766 0.6700618178655057 0.7017872945033388 0.7511337987813678 0.9734132980560076 1.0720886456312375 1.6385656047803683
187 2057 0.01926250416469713 1.6291511999995392 0.2190957061531207 0.2190957061531207 0.25140119257480587 0.28809005475955896 0.3554015358894637 0.44859083585271664 0.5518761835317783 0.5997437617775956 0.6624223859622274 0.7001428915491672 0.7540261728772276 0.9789215859425902 1.0528026957226264 1.6291511999995392
188 2068 0.017993311355077618 1.6352775716991697 0.21455076628893516 0.21455076628893516 0.2465021707415726 0.289190010056616 0.351057470215666 0.4435061790161047 0.5571766100704534 0.5864065011964601 0.6643900059367667 0.7101682399708218 0.7533473023603036 0.9646564455995827 1.0617102744269151 1.6352775716991697
189 2079 0.017295833616787024 1.6188099938737461 0.21303618274714503 0.21303618274714503 0.2479343324575996 0.2838476863877927 0.3494545284333389 0.44234096820120733 0.5495568258096196 0.5751545707484529 0.6715090498079306 0.6915080304782215 0.7608255234507971 0.9660478210899335 1.0656335931436705 1.6188099938737461
190 2090 0.017671037705045793 1.6134654909910147 0.21213416242907984 0.21213416242907984 0.2505779561941826 0.285956118362911 0.3486330328764647 0.44804888007819144 0.5479423778333301 0.5693566307501907 0.6665157802577636 0.6874043917795744 0.7696353363647315 0.9143252984854813 1.0577784980151919 1.6134654909910147
191 2101 0.01886348748078256 1.6107770302635032 0.2096721270833041 0.2096721270833041 0.2505989899526924 0.27974265185350683 0.3448564678959587 0.4581911748514776 0.5380840812260591 0.5688007773563143 0.6570053450836417 0.7019016929977607 0.7683664935425035 0.9172058639079056 1.063853684148689 1.6107770302635032
192 2112 0.019976430454926114 1.6345848321595966 0.20935232001574597 0.20935232001574597 0.24490413128248767 0.28575693223451787 0.3450515456641788 0.45799166788696405 0.5358917918279337 0.5613941238939694 0.6544035985876588 0.7089160511388196 0.766701000123151 0.90614531576372 1.0714371629715493 1.6345848321595966
193 2123 0.02033781180092117 1.6186317286655099 0.20443019482933159 0.20443019482933159 0.24341703763350692 0.2851843226035529 0.3452486645412769 0.4651913066848906 0.5409005500125209 0.5576043223329997 0.6453439985744429 0.7171404983379486 0.7844413092880086 0.9004618705700401 1.0578235779881888 1.6186317286655099
194 2134 0.019478894719333922 1.6285172515593493 0.20258719877939307 0.20258719877939307 0.23809768974739562 0.28182408952266724 0.34014388825923836 0.46154887331842476 0.5373204493936237 0.5683909799166832 0.6495926430597693 0.719402010851858 0.8094906275164573 0.8920266993397675 1.0468795352676263 1.6285172515593493
195 2145 0.019748551475827048 1.6152297220036507 0.19953831013781997 0.19953831013781997 0.2408552984381353 0.28245403308254474 0.3401038469152771 0.4632104819284468 0.5333006821019143 0.564692966940928 0.6489675678828934 0.7110549219834895 0.8238674395049891 0.8826703406243737 1.047647088395192 1.6152297220036507
196 2156 0.01839177736558122 1.6592664602793328 0.1987200400918893 0.1987200400918893 0.2386497152820824 0.2841021884538179 0.3374876868572464 0.4641401574344092 0.5296550467276184 0.5647015608857568 0.6446786253099526 0.7078367256410938 0.8147097646282758 0.888945905132948 1.0551069317060913 1.6592664602793328
197 2167 0.017549421896132143 1.6634007071311614 0.19880210328116257 0.19880210328116257 0.23777587003969275 0.2834095592055979 0.33295665745202985 0.46831829989458373 0.5179931512165356 0.5644602308470034 0.6385722559660582 0.6908359274619634 0.8115909456375421 0.8850813119375749 1.0762652447140062 1.6634007071311614
198 2178 0.016390321793438162 1.6622682016405126 0.1974044370919275 0.1974044370919275 0.2398975735855069 0.28140494286960754 0.32728235401080275 0.4702312223802048 0.5118315453713868 0.5507020815565475 0.6335844711262053 0.6957103463337166 0.812905133602826 0.8840921845404294 1.0783612864007983 1.6622682016405126
199 2189 0.015275285976599317 1.6521040216575136 0.19331091645239168 0.19331091645239168 0.23772389663007218 0.278489863037528 0.3264312601151609 0.4654488570789204 0.5216371164463253 0.5466271139115599 0.6289359032345971 0.6994319659010597 0.8122971242905793 0.8689366680188062 1.0746615485957152 1.6521040216575136
200 2200 0.013579956377803078 1.6316580984823785 0.19251876111337793 0.19251876111337793 0.2358668484447853 0.2739649106061594 0.3238501095380867 0.4670875381712451 0.5188295548157328 0.5348938199585213 0.6156999048003116 0.7036616705097886 0.8168693252682164 0.8705988943970636 1.0888488210121825 1.6316580984823785
201 2211 0.012752375592430535 1.6428103860661696 0.1910623905442731 0.1910623905442731 0.2326417184297846 0.2732684440927371 0.3254556745690537 0.4629943605643162 0.5178809990384392 0.518968214265273 0.6203979110353077 0.700564775191516 0.8197589068059311 0.8626181947313765 1.0798587834587687 1.6428103860661696
202 2222 0.01251042110112267 1.607335878765479 0.19032063299261023 0.19032063299261023 0.234019959378825 0.27630487976688134 0.32344750449824267 0.4644928761213634 0.5088848672407819 0.5195465073813844 0.6178517623349549 0.697448826421977 0.8108764714516861 0.8451904517828098 1.0898756989677736 1.607335878765479
203 2233 0.012673803069465616 1.61738494726096 0.18646968807573927 0.18646968807573927 0.2329210258169213 0.2778729997021766 0.32186108223197757 0.4676534756120354 0.5023133823211636 0.5106246982936172 0.6076373694477912 0.6971002763936816 0.8160212853130262 0.8480945316302881 1.098990921542953 1.61738494726096
204 2244 0.012411589344982337 1.6275186127396584 0.18085897220672964 0.18085897220672964 0.23500164705202037 0.2798541280251518 0.3195897356607618 0.46625754908336126 0.5077926103995409 0.51249231730523 0.6026787220443439 0.6949046230751054 0.8055853298400586 0.8498138350971198 1.1129988253487477 1.6275186127396584
205 2255 0.012957774116442361 1.6179303527505076 0.1820070666954338 0.1820070666954338 0.23369732717565653 0.28111092388237674 0.31701059115369157 0.4713863887970185 0.5100189666832448 0.5145906150247476 0.6022755740939114 0.6880732996614225 0.7683444883870938 0.8533479305266304 1.0987950443652017 1.6179303527505076
206 2266 0.013085838753975933 1.6337302594528664 0.18108186666412804 0.18108186666412804 0.2342882247893205 0.2835740106029292 0.3157149090702626 0.47856281024478897 0.4970956026427193 0.5116928382216351 0.6034883623408204 0.6975766301996711 0.7670927337983241 0.8587591149804147 1.0972659875108266 1.6337302594528664
207 2277 0.013721040615511887 1.634455086723718 0.17656208700763593 0.17656208700763593 0.2326071635518526 0.28049450053470515 0.3202077202341403 0.4775052753131014 0.49499747124994026 0.5161035918201903 0.6076781752918722 0.6890348324337334 0.7653165858679973 0.8469621260020744 1.1226427554675613 1.634455086723718
208 2288 0.013349705430944454 1.6629659159033585 0.17515960156553567 0.17515960156553567 0.23472564180170094 0.2740960540377743 0.32091332376163745 0.48376936849164326 0.494352934985387 0.5142606608443308 0.6070977506816084 0.6899189656389014 0.7650144274014621 0.8460047187223021 1.131015262655034 1.6629659159033585
209 2299 0.01347436760428761 1.648289311552446 0.17431947337487483 0.17431947337487483 0.2352113133347083 0.27352713169094606 0.31750523759659316 0.48282187900303003 0.49148761603438035 0.5128475621453397 0.6159345592563894 0.6632656716484334 0.7682066831288314 0.837863366608787 1.1512331572016985 1.648289311552446
210 2310 0.0132842328383376 1.6436347179711088 0.17307517206539674 0.17307517206539674 0.23198438918965442 0.2719332907795191 0.317582792465117 0.47865266328671546 0.4868662277383449 0.5082571681472996 0.6329412704080946 0.6680641986752184 0.7666586348676516 0.8415076204625296 1.1254350197035698 1.6436347179711088
211 2321 0.013022499925709502 1.641360353060879 0.17300102612824597 0.17300102612824597 0.2334545505731367 0.26957239714970027 0.3167709505465462 0.47085659455743706 0.48833356652739573 0.5011680883738647 0.6365489432890165 0.6727931729345884 0.748545986129935 0.8385226872064206 1.105818403565782 1.641360353060879
212 2332 0.012689993103599499 1.6295935557634045 0.17204484974864634 0.17204484974864634 0.23355387967108346 0.2636652387278195 0.3208610032145494 0.46591890842672395 0.4848161555836734 0.5019901682731177 0.6306785081947881 0.6665516601485524 0.742277831977849 0.8223005205301782 1.1270162583329748 1.6295935557634045
213 2343 0.011785073234217767 1.6188001158143646 0.17268217643043005 0.17268217643043005 0.23294560351014917 0.2656611689069942 0.32270466104079926 0.45800334937479187 0.4800198019625043 0.48976727375138407 0.6214609723237221 0.6580392516266558 0.7514372268490621 0.8331461582841148 1.1359815887888796 1.6188001158143646
214 2354 0.01092048744812038 1.599314367967536 0.17272478396282676 0.17272478396282676 0.23127375505662037 0.2622676262666332 0.3182578345663134 0.45769437038619193 0.4777093954796367 0.48050269766161735 0.6266994488524502 0.6520002118940346 0.7467654520017882 0.8335213780692008 1.1240493412248886 1.599314367967536
215 2365 0.010254053011031458 1.6002111448724374 0.1751979225919474 0.1751979225919474 0.22520090041116772 0.2630366118254812 0.3185312121150568 0.4570359274079855 0.46347131024090615 0.47775245051851173 0.625101719679054 0.6443618807160514 0.7393283411875559 0.8307203593488367 1.136528108054421 1.6002111448724374
216 2376 0.010356329197732352 1.566920865462074 0.1743184910831606 0.1743184910831606 0.2192971385113983 0.2609985078933535 0.3174807706373759 0.45803022577999597 0.46025751461299524 0.47642086280281054 0.6137053546033394 0.6425639517652892 0.755376244177579 0.8259036220943533 1.143235380867818 1.566920865462074
217 2387 0.011007387221113246 1.559870714802119 0.1771583729236615 0.1771583729236615 0.21188300011676903 0.2616724165096236 0.3186788250376953 0.4573157207023097 0.46298495106978704 0.4720122936389575 0.6115032267513099 0.6363379130069645 0.7557444085508421 0.8629026693799944 1.1323862008340264 1.559870714802119
218 2398 0.010773440151477376 1.5652777049508593 0.17853252069008554 0.17853252069008554 0.2091898067186071 0.25972360698687214 0.31936229382334375 0.44782111311967066 0.4585520193917472 0.4706950029663766 0.6137007682741693 0.6356947142979638 0.7598095924596793 0.8725164418498742 1.1375753310477605 1.5652777049508593
219 2409 0.010404299717495173 1.6066989308087565 0.18081392383836142 0.18081392383836142 0.2100684742148455 0.25709693729162064 0.31540333957344135 0.44502413263053386 0.4537138279231776 0.4694710970293082 0.6004538867125713 0.6310114468871303 0.7514260470792156 0.8708369866475091 1.138148448990334 1.6066989308087565
220 2420 0.010008713910128891 1.5847605808732927 0.1799546793989009 0.1799546793989009 0.20909010361026267 0.26047383027811455 0.3154769394914279 0.4427190992084331 0.45608299629973476 0.46812062864971177 0.5997265484990024 0.6324141582822289 0.7322655785208861 0.8721827955452556 1.1165722338804005 1.5847605808732927
221 2431 0.009915665102881948 1.567211728576569 0.1773911152448616 0.1773911152448616 0.20931141096927572 0.25796030188519065 0.311783241540901 0.43513781599667095 0.46260949657416306 0.4676914402004665 0.5942069227976033 0.6324606078284788 0.7285344906336646 0.8782802899887333 1.12619492326117 1.567211728576569
222 2442 0.010137026399267614 1.6006504507080093 0.17831462046153634 0.17831462046153634 0.20623952383333205 0.2546153995821427 0.312538187108791 0.42043610800657 0.47173319328041863 0.48487936569143725 0.5946537197212929 0.640685138485051 0.7281822846020813 0.8815975710875191 1.1262658344411696 1.6006504507080093
223 2453 0.009864527653469114 1.6453538426167587 0.1824518709192468 0.1824518709192468 0.2061263736978611 0.25008718730582535 0.3126549021106465 0.41140373100373984 0.47213658956365434 0.4938099503018486 0.5892129937339381 0.6406819031328471 0.7247547462607214 0.8827015289045627 1.1126026471370472 1.6453538426167587
224 2464 0.009980088970262811 1.6289100218669321 0.18293924437617623 0.18293924437617623 0.2081207208720797 0.24686532541062858 0.3143814570718405 0.410088571358179 0.46952267019604504 0.5034582308910421 0.5888243445732686 0.6404653454360324 0.7037321476956777 0.8716745892690267 1.1142439499312635 1.6289100218669321
225 2475 0.010671910314677876 1.6631438003233723 0.18376549930909417 0.18376549930909417 0.20508586727688954 0.2461004360544534 0.3127039128203154 0.41391591797942295 0.46294469640422387 0.5030678323580076 0.5837610184876066 0.6398280303226509 0.6938276887582144 0.8572795482340337 1.1216669184862247 1.6631438003233723
226 2486 0.011224713767530968 1.6895408576171638 0.18246964195164606 0.18246964195164606 0.2100669716247466 0.2443791796661407 0.3082194687751926 0.40404928723432093 0.4699235123294386 0.5051098801253463 0.5967715312402337 0.6392999686278108 0.693964154336863 0.8458847333437264 1.1269600904343435 1.6895408576171638
227 2497 0.01118297922350955 1.7089041589562528 0.17911856106555682 0.17911856106555682 0.20987855016265097 0.24067794764661968 0.3081911898530445 0.40330926126900674 0.462317157099041 0.5102556878914092 0.6020582300906034 0.6435228457867418 0.6848880610067685 0.8420525549059922 1.1367400961616028 1.7089041589562528
228 2508 0.011658706610612569 1.7081904378661115 0.181085537124243 0.181085537124243 0.21024372602020344 0.24345375706487477 0.2975882269965254 0.40663159823522677 0.4541912248601037 0.5076377345738462 0.5922885659166915 0.6412793672575197 0.6866095916622116 0.8415374625532324 1.1392363470771065 1.7081904378661115
229 2519 0.011893058679785464 1.7145037872595106 0.1805267796623977 0.1805267796623977 0.20959889337332677 0.23388662969685228 0.2977216364255691 0.409287687031325 0.4487052428682009 0.5074492484130136 0.631161772788065 0.6506810753713805 0.6799046491915427 0.8344266088637559 1.13489797613974 1.7145037872595106
230 2530 0.011790572614003661 1.719373110848541 0.17910561827641455 0.17910561827641455 0.21326993835274297 0.23535045077873865 0.29780194242563496 0.40827297054706146 0.44890250516144575 0.4965742621484452 0.6215967260692445 0.6670484420591168 0.6722229363921755 0.8393258498541284 1.1289011859848257 1.719373110848541
231 2541 0.011082130118754861 1.727473028028121 0.1785054145099799 0.1785054145099799 0.2138841169824476 0.23066486638699601 0.30059530175147675 0.4047580288079877 0.4507245852957079 0.49248084305098794 0.6082984343583614 0.6721501198420995 0.6951118583638126 0.8347490520470785 1.1134425930707494 1.727473028028121
232 2552 0.010851191835457137 1.718369275540559 0.1730050522110497 0.1730050522110497 0.21168718687033472 0.2308409319211758 0.30056701403383224 0.40283122238215513 0.4505231185249659 0.4947614661181284 0.6074859004784557 0.6720998674352274 0.7002182354966682 0.8212479148457766 1.1114198878399777 1.718369275540559
233 2563 0.011709854682655915 1.7098340897083186 0.17693514051225515 0.17693514051225515 0.21130466178081772 0.2317868403253157 0.29845974847739043 0.3982836982538358 0.44523645468540984 0.4974785028925943 0.5970790396201069 0.6674318725257278 0.6987354049674048 0.8190824894694204 1.124490532841628 1.7098340897083186
234 2574 0.011073474804877706 1.741179339740232 0.1783850581068111 0.1783850581068111 0.21381742961744052 0.22904849879278183 0.29589794115132806 0.39688036986015174 0.44297615835942467 0.4946795480468822 0.5998853079019489 0.6613243809293261 0.6988097568259747 0.8196361954240636 1.1471820296731905 1.741179339740232
235 2585 0.010684376909427832 1.74027680495388 0.1783980631460364 0.1783980631460364 0.2153935521047449 0.22968352076393073 0.29190062159481656 0.3899819342363575 0.43503550582070205 0.48991862982092743 0.5969818896588147 0.6588060278551581 0.6942415543669628 0.8324688402362148 1.1500267906710866 1.74027680495388
236 2596 0.01057687493531146 1.7605505648407576 0.17851871289675914 0.17851871289675914 0.21460305555039572 0.23211643817221217 0.29038660960244145 0.3857156074262689 0.43345051978104665 0.49335948281705927 0.5951247256601396 0.6551508307799256 0.6874390659786245 0.8537927508119058 1.1410268711113924 1.7605505648407576
237 2607 0.010422531198822702 1.753632874891278 0.17562794939785792 0.17562794939785792 0.21290317032304323 0.2355378539786148 0.29154740480286023 0.3871005464408612 0.42211589032958696 0.4889458520966959 0.5961706139966008 0.6566087133209837 0.6737217364764235 0.8530746736239155 1.1531501546727045 1.753632874891278
238 2618 0.010143436298173016 1.743015358310795 0.17016103768170565 0.17016103768170565 0.21311888257112785 0.23422547007382713 0.2897486698705824 0.3815163754436233 0.4233734665528707 0.48379315482415525 0.5966118102126219 0.6652137355099905 0.6679492475117099 0.8519014835091746 1.1494117752583373 1.743015358310795
239 2629 0.010288889116186082 1.7218528699067603 0.16614567989535559 0.16614567989535559 0.2129644825917725 0.2377720225076687 0.2876809111410059 0.38390524679577454 0.4174646391927358 0.48294749617467453 0.5996277435629014 0.6566239340055304 0.667552337757178 0.8534933151758586 1.165189007270092 1.7218528699067603
240 2640 0.009705086959195714 1.6942424583233144 0.16482981213103587 0.16482981213103587 0.21268506438155854 0.2289594156728475 0.2848717784599787 0.38484924885301286 0.41561041661505194 0.4829401259776013 0.5926625749848896 0.6587771470069712 0.684270515663664 0.8556776343092422 1.17655403282286 1.6942424583233144
241 2651 0.009424322766351073 1.6829472108441528 0.163704074247473 0.163704074247473 0.2119549081255044 0.22989886207289165 0.2748995879455679 0.3802849737786178 0.4148614520576692 0.500487324751705 0.5900377914200944 0.660788654229863 0.6823093245718393 0.8363612735496291 1.1668196752963105 1.6829472108441528
242 2662 0.009230924711921992 1.6928667379268632 0.16336829362004152 0.16336829362004152 0.20760923942451 0.23009021607907348 0.2751200187749549 0.37743412197249415 0.4160990752678553 0.5187442731664306 0.5742678012277813 0.6682270914413012 0.6842494102511402 0.8329296021186906 1.1209578509767404 1.6928667379268632
243 2673 0.00887764969827205 1.677746725307356 0.1627503288461375 0.1627503288461375 0.20825208937829287 0.224310785328102 0.276634510489147 0.3779136140688294 0.4205185100257075 0.5173311984053071 0.5708178273809469 0.666533136933124 0.6743305242506541 0.8219690376944387 1.1245141789043058 1.677746725307356
244 2684 0.008472775534546659 1.662604246630986 0.16160347315569334 0.16160347315569334 0.20552704966185992 0.22524077074990842 0.28174367202939316 0.3791244688932758 0.41908443328611944 0.518741215331211 0.5734772573950111 0.6666277556272117 0.6709566402265366 0.815999512589048 1.1078094289228806 1.662604246630986
245 2695 0.00815117945793986 1.6483921076314032 0.16205874032041404 0.16205874032041404 0.20470948910304626 0.2243844494130153 0.2808085738631967 0.37607798831450356 0.41740678051787944 0.5143148943058309 0.5702486349521481 0.6678383554995372 0.6701297672652414 0.8037411788885488 1.0981008303741893 1.6483921076314032
246 2706 0.008056188107790185 1.6540150074401743 0.15913412958703838 0.15913412958703838 0.20332932416254207 0.2239850725632142 0.2806128113030982 0.37799747519331617 0.41852838338124254 0.511184829073549 0.562212674330023 0.6614616912865613 0.6660101149016193 0.8117842879527801 1.0772002086089036 1.6540150074401743
247 2717 0.008604220294953755 1.6796996960592563 0.1634980066697801 0.1634980066697801 0.19895546032284017 0.2194724444866047 0.2746568968438088 0.3830334080683363 0.42041932156239686 0.5102289007602991 0.5607691777737468 0.6576346320952461 0.6720128156918443 0.8174260809470572 1.0699048122246562 1.6796996960592563
248 2728 0.008878879443199978 1.6676867666666013 0.16764673301317165 0.16764673301317165 0.19902601922869928 0.21623859341631552 0.27491552036692474 0.39360543144302973 0.4249012608949178 0.5096842736285526 0.5603426626463279 0.6639218193586249 0.6767602594984825 0.8182255566776295 1.0590820544890003 1.6676867666666013
249 2739 0.008658596310885848 1.6662623790109055 0.165233610590538 0.165233610590538 0.20187621300210462 0.2177765483677709 0.2717502630312098 0.3931411572264883 0.4207325764434304 0.5158567549689645 0.5582068852250129 0.650621688058654 0.679836955612623 0.7998710531562506 1.0851255662141257 1.6662623790109055
250 2750 0.00840582600707491 1.672671804353536 0.16474778659303002 0.16474778659303002 0.20319970582253669 0.216921289320218 0.2708206632706922 0.39740085642719214 0.41991732859473196 0.5068175052652529 0.5694094353621074 0.6472769136682506 0.6727290309937937 0.7798449714814706 1.0868040525408247 1.672671804353536
