% # columns="iteration, evaluation, void, void, void, xmean", seed=1066300, Fri Mar 29 15:12:20 2019, <python>{}</python> # scaling_of_variables: 1, typical_x: 0
1 11 0 0 0 0.606141563491283 0.44410826691794203 0.3576555489468181 1.4563161444963477 0.45593748609008816 0.5694771307832807 0.6135386889041103 -0.26296491900470953 0.3801986751876828 0.23893208491429496 0.40407123198651557 0.6084040775566931 0.4694458554245699
2 22 0 0 0 0.6842342665630728 0.028823784563286603 0.5960699247429129 1.3375894958389303 0.2708329715487173 0.8215505100764042 0.9035056114838111 0.0894785446937919 0.1789614380889187 0.5010528715139475 0.0031119676034529475 0.8695698797118894 0.3332995771686683
3 33 0 0 0 0.8849420416778926 -0.06653303752439071 0.4478747795377659 1.1421186281691649 0.38600210370310534 0.6674341736603941 1.2805283923517898 0.32628582885921203 0.309835152148144 0.21841004266325081 0.4064744463109736 0.39310777363136823 0.466492820841453
4 44 0 0 0 0.8719433975408285 -0.013238315792116713 0.30634370409538186 0.8726128760476782 0.43664310673616297 0.8058259294229674 1.5181465898238495 0.5826914680105431 0.27460195177144864 0.28549540633202686 0.6098412040962033 0.8144429111903768 0.5409581341335877
5 55 0 0 0 0.5716741877287383 -0.0845051734788928 0.3218650578574655 0.9466214837048459 0.4728069665648877 0.9578309732085576 1.4404013685725023 0.28721279972346875 0.30328803588859654 0.05569549243406044 0.7774197014451472 0.7259934167777751 0.4112944239241837
6 66 0 0 0 0.19711683566933835 -0.13187163469972543 0.12592398919172068 1.1272975207242688 0.549460182006779 1.0497925496897365 1.664269638873008 0.024702435084612617 0.25675666740426273 -0.3127537046083779 0.9354087838472466 1.1233545308656847 0.15329129245112216
7 77 0 0 0 0.36225331824370743 -0.09017998612066953 0.20815499645510005 0.9503298170778612 0.17533864798587007 1.0002290833537018 1.6386368997657068 0.20277388971533927 -0.48176598913621094 -0.2776327981274332 1.033867968323254 0.6021309810615683 -0.17514448352881495
8 88 0 0 0 0.4918595867124207 0.05385872232347434 0.014046086352463849 1.2437641449816486 -0.057635207813765105 0.9981858804432804 1.6575140437992604 -0.0022580077563233436 -0.16221954528406723 -0.490518744134323 0.9199767723665478 0.7563846317376695 0.3052650190765967
9 99 0 0 0 0.2946444975418351 -0.18446239624283478 0.4138699614587684 1.035327512694805 -0.23706885168026026 1.181580312462795 1.4711131926551215 -0.17655392031952075 -0.11191555636227327 -0.4602183271014836 0.9264370963987256 0.8851061651696469 -0.0081108962534015
10 110 0 0 0 0.5311886912176689 0.04447856059834787 0.5650886334103636 0.9381958704632174 -0.1504803288935785 1.0913844522335345 1.383773443710727 -0.047148773087868884 -0.2574631756671714 -0.5699238178095422 0.9448900320897288 0.8783477884735931 -0.16233033976111894
11 121 0 0 0 0.5732535357857825 0.21213771586633048 0.453154339376424 1.017046027372405 0.08031921544957873 1.03746586127287 1.2999051418288028 0.19944571083918988 -0.4609622673246438 -0.6079221676633689 0.9737229349852436 1.0141721638762968 0.07303844985862357
12 132 0 0 0 0.4085157341601201 0.0991197543598292 0.6356704438727244 1.0229687021522047 0.10208105333548909 1.3472012765527568 1.3907000862644092 0.2387168646025298 -0.5273607894868632 -0.851762241085659 1.1364063159230609 1.2537276256223668 -0.20202523989755644
13 143 0 0 0 0.19990099930346583 0.06981895597493323 0.5166745872855937 1.3601552669391517 0.03517676736179537 1.0071056141212023 1.197373358524694 0.037848012602816755 -0.10156705987827874 -0.798084440914622 1.236116621192465 1.2466153102368493 -0.02536228908472593
14 154 0 0 0 -0.2910586572666872 -0.03757983967266822 0.8540544047376268 1.3887769504359315 0.30723744858396373 1.134217983857307 1.2707111297465805 -0.032928662174228476 -0.28726676443387084 -0.6912417794434189 1.5030166841212111 1.1633658529108715 -0.13729578882400217
15 165 0 0 0 -0.4148692891343069 0.06255798981715616 0.6739005137574149 1.3217095637790617 0.24818137326447295 0.8144483479099736 1.413640635595325 -0.02963698373778863 -0.2720976847140745 -0.7339498963874322 1.4882127133842034 1.421681902208753 -0.21667109816266245
16 176 0 0 0 -0.4146866602226201 0.005334869262690917 0.9687219408555143 1.2431342266701513 0.17820823311482056 0.8059942319588682 1.5393055182287791 -0.03305816823586936 -0.3090659427336579 -0.45554286330392996 1.2770551550298392 1.8457269955649862 -0.2869605042936551
17 187 0 0 0 -0.5256544572119417 0.1775078353631718 0.8374192365633001 1.288376745514448 0.1410907329889696 0.7322388781463178 1.2376999589240831 0.012837342321004516 -0.04746837128446163 -0.030634665827755037 0.9839568544063301 2.1763752644271714 -0.15195495017466149
18 198 0 0 0 -0.5689807473141135 -0.13813612520899202 0.6868274784623699 1.600343305576775 -0.22107598114114355 1.0118355616043064 1.360650700481815 -0.07719892423169715 -0.1627447973775412 0.13773879391714144 1.1921340831445444 2.4230194322235317 -0.1887942354586168
19 209 0 0 0 -0.7518642844397141 -0.09589511771278553 0.5687522456129834 1.291123179578193 -0.47503317975518056 0.69618577286047 1.2902875276570545 -0.10111574681977084 0.12529418415301444 0.28679449310216965 1.2668584796923952 2.386599625113278 -0.07876135660497409
20 220 0 0 0 -0.8563777023402159 -0.27310816248815983 0.4095238236264395 1.2120628953619261 -0.23656022268321455 0.5760554036585664 1.4368330462283365 -0.089594087224602 0.25257246659610294 0.3977493664451246 1.2568999112028518 2.508044617910967 -0.11198874509744464
21 231 0 0 0 -1.197372617136787 -0.4376127320968319 0.39752114949470124 1.2123944581407422 -0.3340902784191632 0.6624842818829599 1.3738321637961453 0.11231184222423261 0.2890490252444887 0.5449807162916741 1.4300906596413796 2.761722684103018 -0.14400245688241084
22 242 0 0 0 -1.509496690424752 -0.4112496976159104 0.20107398853864786 1.5130971352137212 -0.23143546362769346 0.9166781178005352 1.556495490402473 0.05538342256132655 0.7608769843601525 0.5958270504243961 1.2735822829876566 3.145231509343335 -0.28927239194869675
23 253 0 0 0 -1.703662975561502 -0.3574415523322779 0.8010392905194031 1.1359185458641894 -0.41157138900758194 1.1592810770354993 1.41858695420027 -0.21548166838164406 0.29446744712873374 0.7144113685257768 0.7916751939704649 2.734406345730032 -0.1983751210047005
24 264 0 0 0 -1.362003234467732 -0.1771430119253343 0.3354652266011044 1.175702023934805 -0.09239238301748592 1.147100791217673 1.3317481127556763 -0.060153515148317405 0.4805190914054515 0.693971152452308 0.7959571842136179 3.1767436384380807 -0.18800583625001724
25 275 0 0 0 -1.5959665881631204 -0.08520783707523866 0.22837974214262835 1.1498931981410547 -0.1557060566526518 1.1799478927086413 1.5807978784328691 -0.16432259067666405 0.3338687473361138 0.8287497286499168 1.2268833162115695 3.819588153868532 -0.245801477206417
26 286 0 0 0 -1.7308636356228992 0.019271863189789434 0.31539172920384934 1.4693853410642406 -0.09096292593156072 1.014837432831151 1.4502707912216446 -0.2165706115684351 0.12018441958005666 0.808397414314587 1.4878741200956624 3.6410083184688014 -0.34277866702509024
27 297 0 0 0 -2.055989667107265 -0.27217230143665316 0.3214529161512617 1.4263571824521493 -0.20317975770300847 0.9910935405956518 1.2034848241123273 -0.256390246487621 0.25534287720240384 0.9762169062727102 1.6329744875370675 3.443334698296868 -0.007301558067375591
28 308 0 0 0 -2.1787911429223454 -0.12285633654880568 0.29221547125009284 1.3289530159716596 -0.3348311250359007 1.1158714946241586 1.2790060631187894 -0.35598139494664643 0.3081484919555536 0.9126146012807005 1.59284937716444 3.1709674904642866 0.27539558527597846
29 319 0 0 0 -2.181707703243767 -0.2582263512463058 0.0332667612606663 1.380298504556892 0.01897175051634442 0.7870654430217472 1.1412694787563644 -0.3754753596719011 0.5913804706705024 0.9680893083893043 1.4686676956325222 3.218515543987842 0.3622223925218538
30 330 0 0 0 -2.2919998924924663 -0.26758309449270207 0.3360022529668833 1.5792277770926662 -0.21975853708821544 0.7237607942954152 0.983905853673568 -0.07169171000751579 0.8598408679769897 1.038159303943743 1.4190642598899443 3.347652145526129 -0.03531172254859327
31 341 0 0 0 -2.4848148415751914 -0.15668685756489928 0.15838453605805228 1.4270403873615707 -0.19182105552542225 0.5984727294473158 1.248371124819239 0.07893218927221171 1.1418668404468162 1.2380575112835168 1.5776285730827477 3.3122534268313517 -0.300362671550656
32 352 0 0 0 -2.4952609583472376 -0.2614636354036573 -0.04799469406746085 1.2435550069160226 -0.3469440628388109 0.6064430742033338 1.0815699809476358 0.03419066227030274 1.151597170155406 1.3495252482745892 1.509821580119295 3.125738033569421 -0.2760273786274674
33 363 0 0 0 -2.3950689716776417 -0.6496489831322327 0.23144080858322522 1.2887997393257908 -0.17935176675941075 0.826258113254304 1.31359429375834 0.1656656046906832 1.0025124821324283 0.8311789589178167 1.677260163293091 3.2857032504110313 -0.37156182149066774
34 374 0 0 0 -2.746809516625618 -0.8037017391955493 0.34327335841487167 1.2937232759221957 -0.08723845513798764 0.7750317160258894 1.4436790563459967 0.28403863626163306 0.9346406582885975 1.0330786971084167 1.548923414894148 3.278320335928375 -0.42145907826542517
35 385 0 0 0 -2.6352128496437786 -0.759159735174743 0.3186904282746915 1.3064523291289787 -0.03646606006637753 0.8407930441184823 1.2506405760164607 0.22579952037930404 1.054294753623909 1.2373521830123149 1.1974678751629915 3.1480815461350056 -0.5391921829792254
36 396 0 0 0 -2.5136766123172594 -0.7495719998761853 0.696219591634171 1.436610857508211 0.2776879022328744 0.8280688821167124 1.2125805961251823 0.29752896884085395 0.9597812749394957 1.0661448738109125 1.28471220611812 3.0185771175557323 -0.3449365198436636
37 407 0 0 0 -2.6615960560474092 -0.2980464229875456 0.6589565021561 1.3880188989357207 0.20873323636488386 0.6953282745059334 1.1551472638103146 0.027747322561370913 1.0715994557688153 1.2066548239838844 1.2188054107139006 3.138196044376188 -0.5020312952958734
38 418 0 0 0 -2.704489838498889 -0.07545421864197635 0.5891830748597825 1.1947445298831512 0.1610700980840162 0.7060487262610513 1.1284368065127441 -0.19267921128928206 1.0394790723387481 1.2208387458671504 1.1775800766571822 2.9237592772349075 -0.5067575295494475
39 429 0 0 0 -2.6314025959657066 -0.06795784922676444 0.6059220485465298 1.1588370735094562 0.25529192554038516 0.7001269528144368 1.1298473601121588 0.00436317059383079 0.7572264883163605 1.4348074768270582 1.2776377935190901 3.0900251198241464 -0.5936833196733337
40 440 0 0 0 -2.646057254480413 -0.10207326591423738 0.4457393543789474 1.2012047294926558 0.2213089238943256 0.8615540054559667 1.0469063325451613 -0.1229940072683966 0.7117764192174559 1.6428767813865346 1.2639062702078043 3.10767188085097 -0.5329824563698521
41 451 0 0 0 -2.634439567334056 -0.09192484796984504 0.39727444039780774 1.279706418265322 0.32219875820249133 0.7034709883614916 1.0868898250058436 -0.05578704031791627 0.599389366905983 1.457622254778968 1.2271981208014984 3.2355768675014995 -0.6979213699299156
42 462 0 0 0 -2.957930365830531 -0.02017983092335081 0.20232828799247515 1.1720744297089776 0.30321766566531366 0.6716822290712329 1.0672150102318136 -0.015621679263324736 0.41712356330296063 1.5606207640372771 1.2107836383187711 3.166813653665972 -0.4808826752646694
43 473 0 0 0 -2.930345764085522 0.01627185970552792 0.18172763080496052 1.1424056099440225 0.4438240801100597 0.5563253974312001 0.9546838404589174 -0.10929951831893508 0.4465564409208203 1.6581054132978543 1.2416564705396844 3.0551628672718794 -0.4110362523904352
44 484 0 0 0 -3.0821459028825413 -0.061705255336943675 0.00821777446162858 1.1140282765114147 0.5677701410596967 0.5085223670616416 1.2244709033066885 -0.14698893348690498 0.5623931434680457 1.491577873539119 1.12191430235012 2.9300076212900064 -0.44674899041461313
45 495 0 0 0 -3.1327476355263584 -0.07694501926449508 -0.1413399781109889 1.1457063025178247 0.4316054848049312 0.6858051974450794 1.3102190913695346 0.006907399447636076 0.6869382548016886 1.6572164605816073 1.198170796073569 3.132380669850837 -0.42236983725890154
46 506 0 0 0 -2.717261425172918 -0.024213403815650195 -0.08614861696511224 1.0619717542083689 0.40536004813388804 0.9560371660953421 1.2927585629073455 -0.18214573719065003 0.581370192242417 1.642530215013292 1.32181240607871 3.319585447694756 -0.30004432817153986
47 517 0 0 0 -2.628188236008091 -0.10134827441803507 -0.13053137691791047 1.0041761137735004 0.32697977694670194 0.7220800535859558 1.3642125556539637 -0.34342006252144597 0.7695466316447166 1.6700719983018082 1.3402396057720398 3.2739403885504825 -0.2247119189592294
48 528 0 0 0 -2.568689794970668 0.1467460565077776 -0.021652511311281264 0.991982871366915 0.38730453042780655 0.7235191828045968 1.2604815177773523 -0.348849882031587 0.7795955538587525 1.6541160108430755 1.3537415274871722 3.4812516350022706 -0.38190378392189694
49 539 0 0 0 -2.69927321041466 0.14305599058778903 -0.0623025971596889 1.062525490405439 0.2983378583515431 0.7518417303163548 1.2328397106630198 -0.24025971460898146 0.9561047880099214 1.7815622553730865 1.266455960354033 3.4895697532508283 -0.44907599056520453
50 550 0 0 0 -2.484046643761807 0.013658351393125101 0.13880942402876295 1.0528999441473479 0.47545160468240805 0.7518567092568784 1.3000921563842758 -0.3108863559874956 0.904179494310354 1.826084382266659 1.2305516937054697 3.286804938576636 -0.1960778336435965
51 561 0 0 0 -2.5361584428187673 0.09793529258655163 0.3293278916706419 0.9458136498618261 0.33040167498929707 0.7224291885545538 1.2240064942935411 -0.3209143901235133 1.0312195254600465 1.879798469567221 1.1349131988264758 3.304212425605736 -0.1473242016135993
52 572 0 0 0 -2.7350355086709763 0.05657729568646483 0.3475856393383972 0.9926079535724072 0.4965098634864813 0.6970020404619997 1.2339440565627333 -0.3281999488476295 1.1349273212166842 1.5729963968210496 1.2291740350897147 3.0643463945015177 -0.204739411485955
53 583 0 0 0 -2.7329971314034793 -0.0827439875285911 0.40030511642085936 1.0753473013507027 0.34568515018711976 0.6814173698416675 1.2103454741444695 -0.3145015729645647 1.2117828177573735 1.605667616264691 1.2276066501685288 3.0499021730404436 -0.21508997914578137
54 594 0 0 0 -3.0638191992352333 -0.255898301898075 0.4100379286601332 1.132836029245369 0.28385796609659336 0.7140756774490671 1.3316800241172615 -0.3769293529770614 1.1979306506005456 1.637479617323219 1.1852820216747932 3.0694846740586015 -0.17144529462339672
55 605 0 0 0 -2.994081353698127 -0.34936502433996447 0.2461178555378243 1.096171692263828 0.432736264805707 0.6799906154834882 1.4161512238214449 -0.4337243565501988 1.3012102723965568 1.6398523066373456 1.2758313153717802 3.113174749539175 -0.08992875354188368
56 616 0 0 0 -2.834695380150203 -0.3244544589197503 0.3316854608124895 0.988311809565168 0.4467745620937011 0.7764895651359771 1.3727823621081572 -0.3826465767141688 1.4320999727533705 1.5829053968340916 1.1964147887084016 3.09174657169621 -0.19166766812673725
57 627 0 0 0 -2.9366816918767524 -0.5031793031727256 0.3597697755051621 1.0005651578023087 0.5403199424407841 0.8285131289534845 1.385535139669933 -0.22026850348509042 1.3698061081446204 1.7958873906995263 1.0763065753507832 3.1889407779457337 -0.1885401150388871
58 638 0 0 0 -2.930154855338281 -0.4707534440719037 0.43947068772383474 1.0978330021941742 0.4475948264981269 0.7973965351619056 1.3743173233207255 -0.2777260626839836 1.2454421832429026 1.861964759644571 1.1064264999539146 3.2419516916689193 -0.21027838257355336
59 649 0 0 0 -2.8028126437043923 -0.6052569315610504 0.45796678414334435 1.0293244336236647 0.5018106742647146 0.7769415968846777 1.4835494153837534 -0.278834229395813 1.1908371652855314 1.8446153883428356 1.1338962389017095 3.1037478160775334 -0.2509281488178552
60 660 0 0 0 -2.707187875878482 -0.6304865002984441 0.4441594419770338 0.9829031791559882 0.44744643363453057 0.8398164244142637 1.4969498600075337 -0.33787858343192007 1.20904322789193 1.7912657305242625 1.1569412787622855 3.0782233636435246 -0.2705326981386141
61 671 0 0 0 -2.740531982920465 -0.8233425775093577 0.4224453455733428 1.0916422848203884 0.47317771869861414 0.7774105393597914 1.4800422990681654 -0.3554427819985416 1.2081825665728272 1.7836005135560626 1.2102019355037203 3.036649622936464 -0.2808235306485033
62 682 0 0 0 -2.693777408252464 -0.7630302646463138 0.4710719890525073 1.1917544176652326 0.3849557773138773 0.7189105054212702 1.4953317308206346 -0.2515766873847682 1.0956229790612482 1.805473151681247 1.2057287053022874 2.995315581569271 -0.25653811565929785
63 693 0 0 0 -2.58604646808733 -0.7992372928360595 0.6306848458405707 1.2190088034001803 0.33137849809090403 0.74091453553338 1.474568063268459 -0.21603366117414707 0.9383452365015847 1.811262855450273 1.2531431095251344 2.9414620588031153 -0.41371809005053367
64 704 0 0 0 -2.566723545099037 -0.7795565438923155 0.5508290947691932 1.1686974630478055 0.3991992672104292 0.722256596019655 1.52116530796619 -0.3452625338253162 0.9402627539034977 1.7246388893198463 1.2820829449503486 3.024827743169339 -0.4629865609974413
65 715 0 0 0 -2.3661271561886705 -0.710124747014504 0.4309485949636647 1.233385283550377 0.3789726326540094 0.6855032622462961 1.522438517311798 -0.3945698985767794 0.8805818367116817 1.6155695703293038 1.157724067818911 2.9411655989590013 -0.4838098778686646
66 726 0 0 0 -2.296510778719771 -0.709340552886478 0.5195792498717936 1.224598096324315 0.3752766178663768 0.7453377936926359 1.4746758411774583 -0.43241379561587534 0.9751250585441875 1.561599119761138 1.1658769349142561 2.942988281686312 -0.6405836467712842
67 737 0 0 0 -2.020594100708874 -0.6461314673841322 0.6215200523781356 1.2406466269421055 0.45732759244879867 0.8862259657719185 1.4033995403606205 -0.4543710696364138 1.0236775252558752 1.4951627590819274 1.3203839919141154 2.899768554492194 -0.5773407428549873
68 748 0 0 0 -2.031675253441882 -0.46086320077457393 0.457634509377029 1.1298586227150107 0.4711812061256314 0.8415313245290517 1.4200644241031588 -0.49648704678629546 1.0547925649182588 1.5224189878122683 1.2652066859005555 3.080489095034402 -0.5879247759182922
69 759 0 0 0 -1.953842575494628 -0.38626573506818446 0.48938587505217224 1.118512183898586 0.34333171518504957 0.8582991497373217 1.3449609008973398 -0.48889962102707424 1.1188858615080572 1.5544251563115346 1.3253461710110155 3.086107608851948 -0.4675465956852847
70 770 0 0 0 -1.8538656173401005 -0.49577888741581305 0.5986408516440487 1.213654282197515 0.4145486864020203 0.8232282341038889 1.286333905138241 -0.49347271138314563 1.1204795673428578 1.5276300436397523 1.3109856861969877 3.0426138618896226 -0.4342741796535918
71 781 0 0 0 -2.0142196462997934 -0.6041471669209162 0.5245728424939331 1.2225715859784099 0.516622862554227 0.8154725672107249 1.3349628217989702 -0.4912821530180687 1.180052850603848 1.5210639114076308 1.3213780233133883 3.1067020183031446 -0.4936341937363261
72 792 0 0 0 -1.983710269786092 -0.6060192170689332 0.4855645161183507 1.243893774616821 0.4117195082183142 0.8343301998240119 1.4055325144204087 -0.5013215338947371 1.0179143275338796 1.6125998545543851 1.3731102957934829 3.182958295552821 -0.4156857697889482
73 803 0 0 0 -1.9369854469723786 -0.5635781428148642 0.4219100686500206 1.2292251261207419 0.49451260602409663 0.8162132409917018 1.4399605620675393 -0.4826868650151694 1.012571826422177 1.6552038239763722 1.3351733046038534 3.2449526790090073 -0.5128753125826457
74 814 0 0 0 -2.0039009242865 -0.54849050099004 0.4454207012172244 1.2869174334848568 0.5135274530332532 0.8129968997008045 1.438719175020464 -0.4343270451848145 1.1150069643857776 1.6658071541273918 1.2959256039926446 3.2523698482395034 -0.4365898464630305
75 825 0 0 0 -2.2825651178265556 -0.4880786100328763 0.4042747702066782 1.2619718904930868 0.3805081546238404 0.8280417606056188 1.4393852449965814 -0.40771520620375046 1.2375652615361123 1.7631523051643423 1.2884670364331299 3.334540534268485 -0.36703503281011407
76 836 0 0 0 -2.1984029846709645 -0.5832011513865555 0.4273750783525043 1.2600100965449734 0.4093642110357794 0.8802384899631944 1.3911693878919238 -0.4101880572468126 1.138966555103295 1.8121414662789448 1.3214543652902664 3.3048907728787986 -0.37938046727835384
77 847 0 0 0 -2.145413203401132 -0.5327433105447948 0.404791493268504 1.2429172247306925 0.4069891411975845 0.9419873934025441 1.382280431859986 -0.46945540823180426 1.1422366996382292 1.6918345950281046 1.384761272197391 3.2630139845257125 -0.36410996142102703
78 858 0 0 0 -2.311922847209141 -0.5731103465782934 0.46263990987878306 1.198303650411769 0.3058743852150677 0.9980725180920048 1.40878259302539 -0.43556444172814124 1.153481311737356 1.7244677566203908 1.440027827899941 3.3257065387131215 -0.3381283345781821
79 869 0 0 0 -2.187643390227278 -0.5733041539623295 0.4871324067332644 1.1684844043054308 0.4153988609321571 1.0721733449745567 1.4041211432173757 -0.40144567367645667 1.1978184256680726 1.7449782281825696 1.389266613283133 3.335144607051335 -0.361030170900366
80 880 0 0 0 -2.0581284602235272 -0.49366854281815886 0.4944878215296976 1.1726706788608863 0.528715296764382 1.0505648328652892 1.4134330604400351 -0.4205760878118471 1.1655030371553996 1.7634310944884084 1.3577335001612572 3.3016906646538358 -0.3914543695960429
81 891 0 0 0 -1.8890299550438845 -0.465963400595389 0.4023679133561697 1.137404644037895 0.48395529902773393 1.0839066874927878 1.4192751555138678 -0.4507040122712982 1.152465934847772 1.6898403831181905 1.377887083925475 3.3628639609281588 -0.3406600320154929
82 902 0 0 0 -1.7499517100697168 -0.5393851195651588 0.4890408695307308 1.1479564537123799 0.5925201627482092 1.1718580884173573 1.4990687495289845 -0.47176306909282073 1.1785334195428958 1.7070683914906644 1.4290426167340438 3.392611302155957 -0.2950174841846616
83 913 0 0 0 -1.8695385161326479 -0.5414959465608414 0.3642451133867236 1.1222664473147153 0.5912509182581478 1.168712491336187 1.5023064392592018 -0.5334161846296773 1.3363015350301957 1.661496226818399 1.4644791220129458 3.498020570398357 -0.22734952183990914
84 924 0 0 0 -2.0113258829089533 -0.5019625881106735 0.3514703780217412 1.0896623754332593 0.5911790355646752 1.1280939468946345 1.4824833065801772 -0.5404170890510307 1.465024938716687 1.7097888605261258 1.477642216861632 3.444182093308974 -0.16734033718658203
85 935 0 0 0 -1.9340211219728027 -0.47223680189946365 0.2978825568509784 1.0919325743091362 0.6488227331131681 1.18142141928137 1.4672502848818296 -0.5644430718234212 1.3621058265945913 1.7383616997519287 1.4772476213179542 3.5523617719219374 -0.1791826657839343
86 946 0 0 0 -2.1562651999903277 -0.4763943577509494 0.3420840313223703 1.119850754113364 0.5040317279265472 1.161254887924596 1.417033346659971 -0.4821225615973157 1.2804054031207937 1.7522122333393495 1.4454814774280829 3.5217522416906095 -0.26274982208217046
87 957 0 0 0 -2.342539352225082 -0.5241527981184235 0.3195985199093213 1.091832166030748 0.5743769397528502 1.1578462582987852 1.4273736545924447 -0.5103378444732836 1.3395803048673454 1.7925534087175452 1.430118371074355 3.5171446322291438 -0.2546098781388125
88 968 0 0 0 -2.4452218953897598 -0.4974905372783434 0.2865651290015672 1.0816376857469994 0.551541800331811 1.1531598539725385 1.3502756051406808 -0.4991710615866559 1.2331049816975599 1.7534203549380072 1.4515877820342127 3.512537049055719 -0.2586246167187788
89 979 0 0 0 -2.3644475639574405 -0.613739946760113 0.34555569248184104 1.1029041438766083 0.468566955698746 1.1525046650579904 1.3629821200860688 -0.539000975732444 1.2643634241149089 1.6701375173175406 1.451381339794294 3.4445130710015888 -0.20755580178510213
90 990 0 0 0 -2.4798671291007692 -0.5969229547228443 0.35459365992025527 1.1391121627818457 0.5107315892445892 1.1204272316027029 1.3857460402555124 -0.5241768982913804 1.1440849179586285 1.6949484234505243 1.3875608146052731 3.4073955323697613 -0.2742143736230072
91 1001 0 0 0 -2.5336812394464645 -0.7532084903562715 0.35786474688425973 1.1621929184331383 0.515409611536999 1.0979229752373199 1.4226440603650434 -0.4998106330316737 1.1545786817464714 1.7334657422400281 1.377042269192702 3.366432704002236 -0.25164843185835717
92 1012 0 0 0 -2.4932619663310103 -0.7800006048709969 0.4150516134742109 1.129461576301443 0.5926750923223468 1.0864574488323253 1.4915763896256586 -0.5093723666557811 1.0944561495987282 1.7194799888712624 1.3089649112894817 3.313302024641625 -0.3018208970427678
93 1023 0 0 0 -2.367360453496676 -0.7755999153932194 0.43309488569486826 1.1625288232016169 0.6434957397077726 1.1092362986654065 1.5124374071638502 -0.5290335913534968 1.1449865409076956 1.7338055416558846 1.3200935559202138 3.2722607970869917 -0.2730396229248648
94 1034 0 0 0 -2.3472110652765434 -0.673643302807739 0.39930038573986887 1.126264690246101 0.5890028922857309 1.1019291453787314 1.4666949576618398 -0.5422548865338307 1.159670360740087 1.6722224732939588 1.3300169896720688 3.2562977195197567 -0.325669863838443
95 1045 0 0 0 -2.372305444806365 -0.6390181746564891 0.35090903087612113 1.142081830866374 0.5486849445249162 1.095824623173644 1.4630050654573554 -0.5395707605929326 1.2070846112365061 1.6741242254542612 1.3828163587529831 3.2345501227127333 -0.30938872467142664
96 1056 0 0 0 -2.4305736245187637 -0.6683477049147367 0.3680973455185938 1.1401174044121616 0.5649068173828459 1.0900787148323468 1.430014249035904 -0.5871641580726259 1.2074510404610301 1.6187405521482061 1.3669627598580598 3.1905197574377904 -0.3116072652944484
97 1067 0 0 0 -2.5311856114563165 -0.5804954815871352 0.35639241270875943 1.1385620231090916 0.45002973418615183 1.119625374358783 1.4139148465020728 -0.5541465270808887 1.237465852953062 1.6635204512250483 1.3580973460793173 3.276187935699188 -0.32164398886919954
98 1078 0 0 0 -2.502803565684497 -0.5942613254576046 0.3895160549684057 1.1185872251630475 0.4101034553260153 1.137658270653346 1.3624782723477735 -0.5428084704224754 1.2965680123343428 1.6662075860133874 1.3665184688238885 3.231812064799681 -0.31450571664846505
99 1089 0 0 0 -2.30653163349834 -0.6291788422389303 0.4128830854115272 1.1251357501528392 0.4227048787592338 1.181344301420203 1.3923021175832304 -0.5539858276249171 1.25027508015288 1.63165455481909 1.3730177650168236 3.249606169555842 -0.3127542742669042
100 1100 0 0 0 -2.255987851437463 -0.5236312132218989 0.3909438271527343 1.1127295296493385 0.4297604282584648 1.2134398192740743 1.3962694584133044 -0.5789937299860994 1.254181536066376 1.5941729899377617 1.3653264232520894 3.258731913518475 -0.3258314714531736
101 1111 0 0 0 -2.2341600493751574 -0.5614904225071641 0.3507927170249602 1.0788185133510453 0.4152215398941452 1.2545580285477367 1.4173568001479544 -0.583726214910861 1.2448940347941022 1.6222725268305567 1.3668366851582887 3.2746525699309537 -0.34924605456045177
102 1122 0 0 0 -2.2089744194894205 -0.502872906827295 0.3641899576275807 1.0900909988133018 0.425188082454907 1.2507057590009347 1.3512943511557094 -0.5747235739861885 1.187982846613884 1.6156535300875516 1.367826109221547 3.288133655375744 -0.4109022573188901
103 1133 0 0 0 -2.1693450396729093 -0.39630974697105736 0.32674579459299835 1.0817839382766468 0.33655864920900014 1.267997566523288 1.2948843773081273 -0.5947721647901161 1.2213976857452897 1.6158532428752383 1.41533935013984 3.3466434339370226 -0.41262735689322066
104 1144 0 0 0 -2.145495205379391 -0.4317788321713623 0.36574171015967966 1.0872645144930744 0.30383832016295026 1.3589446141141117 1.374247924259296 -0.6012303468705495 1.2134566001423002 1.5764968969161381 1.4436942082561053 3.3461880889066355 -0.44374686176183026
105 1155 0 0 0 -2.137239395448371 -0.44724239768095453 0.3355727356025375 1.1203039257872036 0.25820489554866816 1.3378801497408732 1.3714486734304563 -0.5858372904356413 1.1380386259259376 1.5927762029729722 1.4232313370018381 3.3489658545144776 -0.46821721645059056
106 1166 0 0 0 -2.05488963977028 -0.39307538683790955 0.3387134347099203 1.1151104840387898 0.2802774272846049 1.366597480318896 1.4188872707706508 -0.5692540460283346 1.1171189033654563 1.5774899253145889 1.3840216118302349 3.3302599234457366 -0.476201945511795
107 1177 0 0 0 -2.0722280578147823 -0.3593152615343092 0.3059500598845179 1.1271847851831018 0.27293335218102205 1.408317242383469 1.434496130140447 -0.5560406646756749 1.1448606627298605 1.614284767038698 1.3906743911670434 3.3539831859951805 -0.42140898436573315
108 1188 0 0 0 -2.0841903868720255 -0.3913715293127005 0.3341254833113254 1.1275854750885739 0.30577453698063256 1.341068652679522 1.3470951631655967 -0.5220551700651894 1.104669117902365 1.6849527652987104 1.3779107407380569 3.3412838084804566 -0.34267928738837816
109 1199 0 0 0 -2.044411347688951 -0.3678200843766344 0.3328030215482541 1.142820042046165 0.30086462793386254 1.3252056375830432 1.338197281219979 -0.5799102768301141 1.1579681985549823 1.6191228505543438 1.420706624111035 3.3298959900775373 -0.4014485344706742
110 1210 0 0 0 -2.0667935462943605 -0.40426042090016434 0.3275411435863441 1.1694882381615945 0.4004623625889918 1.3303518901614095 1.3193700298500954 -0.5395318744281021 1.1823454872454995 1.6613941242018884 1.3886397754982862 3.313719388260097 -0.340487749520429
111 1221 0 0 0 -2.0952061803419078 -0.42767138253454656 0.3101675714260684 1.1533786391519796 0.36449525241491665 1.3570051515935508 1.3475409650501182 -0.4926393124239289 1.1261369653288487 1.7022580945454482 1.391193888367651 3.3384553435323037 -0.3645186155333247
112 1232 0 0 0 -2.2383355696669236 -0.41680068153284944 0.3095623106398489 1.169780861425738 0.34751136977283603 1.385954504328815 1.2899481310228167 -0.470259906542339 1.1220279295278224 1.737265565643385 1.4047906058996702 3.34845445284031 -0.35952505032161425
113 1243 0 0 0 -2.225523710507624 -0.3816359836592197 0.2957262673561702 1.1295641828905512 0.3198027547532154 1.4361265022577288 1.3181542018490155 -0.4711451684033415 1.129700772833468 1.7065919958531408 1.4032767584172603 3.3660579528303165 -0.3381476518641397
114 1254 0 0 0 -2.344045624274044 -0.3514689563210881 0.3235995136169863 1.1356674078705735 0.3113131668575955 1.439232053733189 1.3372311307943285 -0.462933808454155 1.1481477550426473 1.7065442248083045 1.4095673800293185 3.408194792217833 -0.37571422536691423
115 1265 0 0 0 -2.2422123526721824 -0.26839467371853226 0.30018877849654124 1.1348091711865518 0.29163263265516814 1.459333849066871 1.2923653781731277 -0.4559287570129204 1.18048219554506 1.7077293905388873 1.4215423325128966 3.3812469984210107 -0.4015644220019364
116 1276 0 0 0 -2.3183611538794273 -0.32522148439594306 0.30357505989504885 1.1789434715270777 0.2962166618572508 1.442072703565623 1.3064474957640233 -0.43630043193398677 1.1977463198171905 1.7415966492849724 1.4176147975302875 3.3576008306375082 -0.40075892236100574
117 1287 0 0 0 -2.48536603850529 -0.39846647560395126 0.3188658242799112 1.1960469797025197 0.2594607325359799 1.4273397236691394 1.2931774475670452 -0.43315763351082165 1.1634216104541537 1.7409745666386058 1.4134220587591289 3.3529014060869904 -0.40632147085203835
118 1298 0 0 0 -2.480447658323607 -0.3561825955950613 0.31547027513725406 1.1624228688042915 0.2655583407582213 1.4486431181864194 1.3162459280402086 -0.4398005557330241 1.1721152479827597 1.7440370940715686 1.421762995549325 3.322731959795009 -0.40845363246086774
119 1309 0 0 0 -2.451667358289187 -0.3330959740886004 0.3314744388438855 1.2086261099301179 0.25636272664575493 1.3870309475113343 1.2911127485156806 -0.4559597034328771 1.1668611811766376 1.7132503968219777 1.4278325241731782 3.2621524865062193 -0.44444243357181396
120 1320 0 0 0 -2.3948070834129798 -0.33679001469715875 0.3271429760472767 1.1938525259058612 0.2665158105236047 1.3919784031382985 1.3038122205300642 -0.48804483781272384 1.1840127260432227 1.693143519751369 1.4290443034553144 3.2620889529635897 -0.4800157583096451
121 1331 0 0 0 -2.3660602023717248 -0.3733942086086631 0.3416768044262874 1.1942870130654943 0.2421428535515956 1.4123072111881736 1.3582384456448575 -0.5054830172057783 1.1856641311113656 1.6802042242225543 1.4256991436623152 3.2517542249902442 -0.48300708283857324
122 1342 0 0 0 -2.348390156529983 -0.41638594013756147 0.340556220743305 1.212772728205312 0.21120692201962177 1.407848387357555 1.3749018961278436 -0.5097538690705385 1.1883313702706 1.6443127416716257 1.412495275871544 3.288309116504971 -0.5116061440966443
123 1353 0 0 0 -2.3041785228939036 -0.3512234098753292 0.367442977653183 1.1969294368193089 0.24119334146772686 1.3992236289663573 1.3563483920008221 -0.4953672368853675 1.2422805749357373 1.6388153923942066 1.4111892810405615 3.255509880095116 -0.5319316590615656
124 1364 0 0 0 -2.23037581166749 -0.27625580353034984 0.3401790753947003 1.1614077862965047 0.22299300372699338 1.4219103022007193 1.3459580944479688 -0.49553269395975663 1.2670286298743694 1.630478093650869 1.4154816885068038 3.2125919494506014 -0.5492382098127421
125 1375 0 0 0 -2.2518554808844278 -0.317435724926266 0.32856982666850504 1.1428107068665014 0.1921577465849327 1.4510345944227372 1.359254276729224 -0.48826455039047584 1.2356059329290614 1.6410411322779341 1.405993563359562 3.216327945072546 -0.4977600773402875
126 1386 0 0 0 -2.212565795433011 -0.260715595991908 0.31045077745147925 1.1330352371224033 0.15373922294585668 1.4481956460743637 1.3738410222059045 -0.49189147886600687 1.26983633562654 1.622300317190475 1.3989151729397795 3.2465384984779044 -0.4576713613985287
127 1397 0 0 0 -2.207460398809058 -0.27318713715658755 0.3170084209594743 1.1207697344615313 0.145057211812929 1.4180255879849404 1.3533424684145203 -0.4866768562967203 1.24296832089396 1.6474680880261106 1.3745236535189145 3.2090251136444983 -0.4359619625851595
128 1408 0 0 0 -2.0837481021698263 -0.24811182508549287 0.31639529071005446 1.1040988989574687 0.1883302266671109 1.4071009806635715 1.3687182304339536 -0.4956447790099869 1.2273017480144726 1.6198243703240653 1.3700443014483774 3.1736078716051432 -0.45002152645881505
129 1419 0 0 0 -2.0426499077911577 -0.28652688098824175 0.3193112796237917 1.1130646889752531 0.17656303890104408 1.4333965820176084 1.357125662403836 -0.490185900353194 1.2065095784426556 1.5903697452020864 1.3851113348805322 3.148094590934789 -0.4597197287895877
130 1430 0 0 0 -2.0008093245525953 -0.3136464876104462 0.3129424125230811 1.0766341414928182 0.18030961354310696 1.4553865756043065 1.342389295671489 -0.48413806565191103 1.1592489685345575 1.577752584587055 1.3979847073068277 3.1434345981057055 -0.4487960530964102
131 1441 0 0 0 -1.988256144946004 -0.29152942965967976 0.3223615370954787 1.0749559102636554 0.21260008396459046 1.4303013076013762 1.319955586905656 -0.4963427712952222 1.1631292165106693 1.592656281847513 1.4060480439530765 3.127825378881314 -0.43601414372499425
132 1452 0 0 0 -1.9771240262680292 -0.27533146718504986 0.3025705811526063 1.075621719961049 0.21877842068779632 1.4362542749135108 1.3564647252292223 -0.5149262739565741 1.152130360187125 1.5945270502461983 1.4060774387095847 3.146029309882143 -0.418868389204503
133 1463 0 0 0 -1.9286907771077775 -0.2705112164598964 0.32986990404625166 1.0873066345471203 0.27178138333389784 1.3912557112381214 1.3670675903356346 -0.5354623973124188 1.1670945196920754 1.574688357968472 1.3649599525615055 3.1679869202212285 -0.4208297640618452
134 1474 0 0 0 -1.9682249921455688 -0.33673971643913253 0.32773142307010494 1.083400123845919 0.2704498383588081 1.4038751499376527 1.3928246548783991 -0.5617397885513318 1.144073485971881 1.5758883807343587 1.3636369548967073 3.172072072002739 -0.41227061816170724
135 1485 0 0 0 -1.90727624607995 -0.3276533478774001 0.3348559562820389 1.070224010960717 0.25645637814099087 1.4215543290524062 1.3919837769232222 -0.5327179214993204 1.1289593060355017 1.5759530083546411 1.3704517947963553 3.129318073987746 -0.3815823160315961
136 1496 0 0 0 -1.884506890945742 -0.3044200657263135 0.3460729960736408 1.065717374484998 0.2741183968071354 1.450905435876029 1.421333925732694 -0.5221176221369428 1.100191304020922 1.5812686296002811 1.3501765962492385 3.1168862413284453 -0.4099401614644397
137 1507 0 0 0 -1.9577956029085364 -0.3125571177200154 0.3311566889771919 1.0700387882140137 0.24526360966368113 1.44853177561742 1.4433757181883404 -0.5145926144078924 1.0988221526468396 1.5941898847610307 1.3667147482523838 3.1210138493395125 -0.4023655293578956
138 1518 0 0 0 -1.994999253819411 -0.32037646127756775 0.3302735180026963 1.0912752439437259 0.23386396693446918 1.4452124913127258 1.4270658134458363 -0.5123706475968666 1.0736393083237463 1.615114985511625 1.367896637588281 3.12445449985647 -0.4201433674131114
139 1529 0 0 0 -1.964177633497344 -0.3110256674388345 0.32812968402590603 1.0906255164798428 0.2579267884720241 1.4543791495919736 1.4323150280366366 -0.5245148641953438 1.0867642118725456 1.6012267009966235 1.3759630048995222 3.1427518953605373 -0.43615720769417554
140 1540 0 0 0 -2.0498078816069385 -0.33330807385438666 0.3296533373169503 1.080749241814031 0.25677505721684407 1.442672342667493 1.4328029939798095 -0.5285682399201307 1.1052856069305554 1.6121024590218662 1.3749160748166034 3.1410209748009477 -0.4343033534845221
141 1551 0 0 0 -2.0529448120986302 -0.3333940785712488 0.32345787711153706 1.09371386125934 0.27393239306762956 1.4353878797329365 1.4256289663584687 -0.5322377320149733 1.0983602968801254 1.6173065008075587 1.3807290812040007 3.1522250098578635 -0.4090819261839197
142 1562 0 0 0 -2.0681093625384963 -0.3046385023721004 0.3073779794809994 1.0814621070633472 0.24244885077235112 1.4333191143688966 1.4244984503572606 -0.53028829324529 1.1104039644629844 1.6046167670981488 1.379303420044931 3.162871395125179 -0.3918449226740136
143 1573 0 0 0 -2.143103461615401 -0.3205641628382006 0.29753909413493534 1.0952909347509878 0.2327463874071275 1.4285387598280443 1.4211212192857168 -0.519708715634352 1.0967474564390045 1.6180251826642147 1.3934368416707108 3.16963653134341 -0.3866214128140281
144 1584 0 0 0 -2.2194950270018508 -0.2980330530062122 0.2812487853717968 1.0870198796083301 0.20838629392725874 1.4305701746341248 1.4287027845005789 -0.5157362596137256 1.1092366441769257 1.6423442153987133 1.385357294944734 3.211434037930917 -0.3851567304466685
145 1595 0 0 0 -2.1878652971655703 -0.2650629408391238 0.2763332345766776 1.0846429180651223 0.21552708757566297 1.435559344463599 1.4306816532860847 -0.5314616279126151 1.0847212047336705 1.6172742744665751 1.384350949199077 3.2174466466359166 -0.3888777365147802
146 1606 0 0 0 -2.1739523076557283 -0.2817899719152337 0.2851766657683529 1.072291275406814 0.2516015108334941 1.4399931957229675 1.4406808148428505 -0.5286430832922293 1.1043774681307288 1.6301473525220067 1.3765084323486645 3.200989285404686 -0.38647764158995557
147 1617 0 0 0 -2.2942185900150736 -0.2688305194367958 0.28693457940600225 1.0726511321649508 0.22971583200759954 1.4592380453585223 1.4530477915947295 -0.5224157319355549 1.1287327978178374 1.6317899592209197 1.3790575619725838 3.2003067826436546 -0.38592034654456747
148 1628 0 0 0 -2.3450874957627645 -0.2714083403701375 0.29258820272214725 1.0653671586524855 0.23031557031160066 1.4661604460327746 1.4427194393789742 -0.4907197996716651 1.1345364701945904 1.6632407927300952 1.3753493887464785 3.1754096576206576 -0.38329563731212946
149 1639 0 0 0 -2.3695775261174776 -0.2914223720553487 0.3053368934746985 1.0858531264752855 0.2523535921114609 1.4651925364078051 1.4268672676607281 -0.48993622641269136 1.1263898186171049 1.6739907734391828 1.3843392857919707 3.1850854931512624 -0.4022161638010545
150 1650 0 0 0 -2.3647316659732986 -0.3089157592613791 0.30161871425526665 1.0864589169753203 0.2797455387726906 1.4742640481836657 1.4244549926779253 -0.45837693451518335 1.0995040548761632 1.6965155851548173 1.370084822188353 3.174741970531075 -0.3987525461042143
151 1661 0 0 0 -2.3321177251694833 -0.3197970459401691 0.3087695674288562 1.081183242479276 0.2802995776301939 1.4647054511750444 1.4274202131374438 -0.4765432209452575 1.1112301385608117 1.6667274191726758 1.3793524455624366 3.1767560118300606 -0.4058823130167224
152 1672 0 0 0 -2.2451713676733265 -0.3416504683063686 0.3186282173232546 1.0779600378815066 0.28267598167570623 1.4803756874394316 1.4288716209770387 -0.479749141434944 1.1036683482450855 1.653021173774391 1.3872848378960871 3.1375377853226936 -0.38900026697706447
153 1683 0 0 0 -2.1938532246664235 -0.3375608016490523 0.3192384562905394 1.0832434936878321 0.29552790894680037 1.4783598131810727 1.4301923308541291 -0.47562222132462006 1.1033458748185314 1.6561898317143875 1.3837434441544758 3.1157582515145963 -0.39543244261765337
154 1694 0 0 0 -2.241573533477251 -0.3149562868261969 0.30915821447484376 1.0788627087261238 0.25377828088169463 1.4808988576093576 1.434367931319734 -0.4490222745525971 1.0908778605642921 1.679260724418009 1.3718701891577558 3.1372869388206674 -0.39701602254932067
155 1705 0 0 0 -2.260417416384903 -0.33667081431986884 0.29936318874322787 1.0902125051313984 0.2514387817411834 1.4898755160133303 1.4615631486265108 -0.44257162295164615 1.068606497975702 1.6882459499880937 1.3737170967730343 3.1523720902202648 -0.3969805789185841
156 1716 0 0 0 -2.295376801945485 -0.3446441019430347 0.3011264632426001 1.0928158510238226 0.25358162326446815 1.4816520321184896 1.4458736583008363 -0.44496013391502126 1.091501523916076 1.694146273297819 1.3801709737029313 3.160440025201948 -0.39801570822158744
157 1727 0 0 0 -2.2406192459426215 -0.3460177829481971 0.3076297121720705 1.0953717242167373 0.25314746295883384 1.4811331282952793 1.4396545322978136 -0.45070983573468126 1.1046374490849753 1.6791571072265659 1.380822390684369 3.1432370940323655 -0.3992683268923954
158 1738 0 0 0 -2.2691406254229367 -0.33863122819220454 0.2987799319976575 1.1040606284522132 0.2280728041600835 1.4759229418129036 1.4308341985437119 -0.46177530458037924 1.1369506610218503 1.6755482125032861 1.3975846317091425 3.146292636592965 -0.37512899206130923
159 1749 0 0 0 -2.2988544897035563 -0.3441960706007402 0.29882404741592045 1.117791123228972 0.23249583815944302 1.4646366080512085 1.4300496700298482 -0.46178519417503394 1.119970865766271 1.679128694430604 1.4071790565062272 3.1593022726882207 -0.3664840110796514
160 1760 0 0 0 -2.3358194765574813 -0.36938994449839585 0.3062434482174785 1.102394602056304 0.24136414226425099 1.4750139929431152 1.4415796266057164 -0.46270079539541836 1.1278548587643211 1.683002047035649 1.4064449401925128 3.1622551732647755 -0.3590376979711334
161 1771 0 0 0 -2.3177891074458854 -0.37946139223021635 0.3050519157747198 1.1126229561378684 0.2330569850228122 1.4616614007560575 1.43682266880266 -0.47332761965667974 1.1088799175231354 1.6786396420059524 1.4121742710341305 3.1792199321900814 -0.35331486894017217
162 1782 0 0 0 -2.3770998397317267 -0.38934351917886745 0.30401414882531735 1.123922562860361 0.23541262563190052 1.4586154412109456 1.4223999658858866 -0.46238248009240124 1.0975385412211562 1.6939824890378898 1.4230238334072407 3.1737605778491584 -0.3553546962275362
163 1793 0 0 0 -2.377442372865501 -0.39364203502963824 0.3032536001187389 1.1260442285975532 0.25153256403697005 1.4451550040560912 1.4337451151816991 -0.45307648325454136 1.0883080993989498 1.7156508222453382 1.4203969470864823 3.1850040775489172 -0.3512974895005403
164 1804 0 0 0 -2.3712998759447923 -0.39340050271274307 0.3050669440052484 1.1259425469510997 0.2525682818125263 1.4488667106181947 1.4125022771772127 -0.43783911958096894 1.086095422825639 1.7174088943835708 1.4263807452005925 3.179497079596749 -0.3386547168298966
165 1815 0 0 0 -2.4014213871857764 -0.38559298730892233 0.295287260306432 1.134285523043393 0.22651535711698065 1.4253211297606898 1.4032615702831965 -0.4488886977828891 1.102781539935842 1.7170716874033496 1.4155884783030754 3.181539364328149 -0.3100307996246367
166 1826 0 0 0 -2.3861583115741585 -0.39153024961114813 0.3039473463872856 1.1311427422967864 0.2437619254223511 1.4244119943472506 1.4128444601824974 -0.45302056537134927 1.1000246210948739 1.7159619459798563 1.4180085081410663 3.1735899996209986 -0.32723066284550073
167 1837 0 0 0 -2.438912388723338 -0.40470948047116906 0.29561936063079414 1.1375307866368323 0.22509517311042315 1.428411207524685 1.4126056760454535 -0.4539521711065431 1.1232832190140312 1.715774015651761 1.4321018063425284 3.174518845347632 -0.3317697616592612
168 1848 0 0 0 -2.433707052364698 -0.4061630918644967 0.3000091772843335 1.1318287028976013 0.23264894332126382 1.4124239384351318 1.4091218919792372 -0.4459497677826245 1.1191689280634516 1.7265529924001006 1.4208969761118304 3.1634016844729977 -0.33148096093798607
169 1859 0 0 0 -2.475820804367607 -0.40118511559665365 0.30504758246699265 1.1388386824545151 0.22361754372954626 1.413640449991544 1.4077370378471803 -0.4410705946043608 1.107092042495508 1.731790527637753 1.4311269063507948 3.156315586763712 -0.3477391461844867
170 1870 0 0 0 -2.5200252661586697 -0.4081996368585291 0.2973675850552879 1.149137571465899 0.2295568789862577 1.3955108853067564 1.4053180457334573 -0.434706196549149 1.0954519689503768 1.7517727049348257 1.4419955628423993 3.1880396800425297 -0.3285187427663135
171 1881 0 0 0 -2.522936091353367 -0.39893461150539167 0.29478237078442965 1.1453630781112742 0.21527511622750198 1.3994044448773886 1.4148128730065441 -0.4271122321180499 1.0948681586203666 1.7621121530082797 1.4360843071243299 3.1911917245295576 -0.3250526266546672
172 1892 0 0 0 -2.5138888532002843 -0.38875015702514304 0.3003741645183773 1.1426838304393625 0.2323063064606389 1.4115534115051367 1.4164768971385313 -0.43030436289301127 1.1043384555076294 1.7637036054745192 1.4310390021865826 3.1971374933606027 -0.32040619107910984
173 1903 0 0 0 -2.5000928786121244 -0.3907352136327621 0.29935545978110967 1.140830230714868 0.2413741984930291 1.4094936574619756 1.426481968792264 -0.42831729369697635 1.0826170350064253 1.7613682537065343 1.424180775634556 3.202421094486678 -0.3162618266369462
174 1914 0 0 0 -2.488900929325136 -0.41807234900169926 0.28425364311729573 1.1415350436440193 0.2371640734021206 1.4028018661100916 1.4295949357173652 -0.4254053838110906 1.0563305720294187 1.7816918068415564 1.4210985683015758 3.2056634669023065 -0.3043644582519234
175 1925 0 0 0 -2.4618648573095054 -0.3851499584046562 0.27813451107409937 1.1439662482060546 0.22912760323457437 1.3910068597629717 1.4227124159316855 -0.4240317342797081 1.0619893715041253 1.7902623048490987 1.4204442433496591 3.230929326165531 -0.2911499348935217
176 1936 0 0 0 -2.416976801995811 -0.3847204900698858 0.289703114633804 1.1336747404736434 0.24220329591575984 1.4165170862766356 1.4182107866393658 -0.416142951050114 1.0538416683007528 1.7827599275075767 1.4258196034371624 3.226724257054674 -0.2989921152175456
177 1947 0 0 0 -2.423411904499612 -0.36363567970679156 0.27989041825098493 1.1374704044532253 0.22842302083049257 1.3948996262025655 1.4214403818309438 -0.4177550898245759 1.0345574788683567 1.793282255756316 1.4216551164336364 3.251206991034397 -0.27934210282617417
178 1958 0 0 0 -2.4234182796146166 -0.3698497651850381 0.27592700718006496 1.1314837857274305 0.22469854346496793 1.3962345227175057 1.4251711620399796 -0.4084913373545126 1.0504515351337713 1.8049548482753643 1.4220007504087302 3.252129009944425 -0.27142783478910737
179 1969 0 0 0 -2.449227906300685 -0.3742933681109497 0.2786432174855007 1.1301455395728974 0.21947127903799304 1.3918760303394428 1.4276010571479676 -0.42144098740239877 1.0621884834003879 1.79139462900754 1.4160551191153223 3.2421990251010757 -0.2766966010766793
180 1980 0 0 0 -2.4489705607250087 -0.3827292452083741 0.28053786840603867 1.134666531324273 0.23555782958280438 1.385304352775621 1.4256800082894565 -0.41650579038189395 1.0625524666067432 1.7998005250177924 1.4216127199221522 3.250575182848148 -0.2779663968467038
181 1991 0 0 0 -2.4605123851732675 -0.3879685290919594 0.2815098707278285 1.1384269295241718 0.23251486087418358 1.3700446923632905 1.4260458824199018 -0.4235866681841943 1.0702768548065886 1.7951797636088174 1.4173685062468677 3.2477343944815407 -0.27631848973033274
182 2002 0 0 0 -2.4395300035901557 -0.39431923890741555 0.2831996303843298 1.147312998228796 0.23324920067328048 1.3738250857830459 1.4316272271475445 -0.4195137939418388 1.0631067953844295 1.7969936852952644 1.4146842073051855 3.256160172372772 -0.26726782058055554
183 2013 0 0 0 -2.453498804121912 -0.41062481545705937 0.28478110537060597 1.1540745524574614 0.22763999899352938 1.3768365777505625 1.4340913275247842 -0.40479971555834154 1.048684084374375 1.8119646568272574 1.4141892230584054 3.266430189171894 -0.2604095842539247
184 2024 0 0 0 -2.470937288262128 -0.40493895905955635 0.275997596215304 1.156021633015492 0.22382347088537616 1.3765979224385152 1.4292462006212676 -0.39453002250601865 1.0470201084800856 1.8190935221757674 1.4136320594656777 3.2620363242160533 -0.2632492731996857
185 2035 0 0 0 -2.4748693568385947 -0.40182057335984056 0.2773030959067255 1.149688983567267 0.22813899181528205 1.3731128755037116 1.4272345535827582 -0.38695341141243006 1.050535767769314 1.825647626371947 1.4105517496496645 3.253706622062496 -0.2613347075068537
186 2046 0 0 0 -2.471039613556167 -0.397338933111965 0.2776669174760796 1.1437421432774235 0.23398412289321124 1.3680145026639983 1.429335989803983 -0.4005718778078545 1.0504188338739324 1.8157482637620734 1.410030344397801 3.2553717102985282 -0.2586586674306538
187 2057 0 0 0 -2.487040686702808 -0.4021770042984207 0.27475106196487264 1.146829268128607 0.22896309495889527 1.3573499835515708 1.4267047791817553 -0.3941544454778536 1.0406412516480126 1.8308525184160407 1.409483621949121 3.2650318451357134 -0.24547028115036626
188 2068 0 0 0 -2.486642163838795 -0.4036183542556792 0.27696199898168494 1.148075037040792 0.23601639013445663 1.3578480314122652 1.4250623703477259 -0.40370642295279374 1.0447388202093688 1.823975021479182 1.4169186345031328 3.2753397997145526 -0.25009843882740085
189 2079 0 0 0 -2.4799981153919846 -0.40845370270643555 0.2774129471671686 1.1451594092712984 0.23904424981616537 1.359063922221891 1.4295231434558529 -0.4140057683501958 1.0408450226278563 1.813091006709314 1.4222372871591777 3.2696493363225114 -0.25219277342271146
190 2090 0 0 0 -2.5054415791568934 -0.40223078602298745 0.27777481500474993 1.143162688525588 0.2512127877621814 1.3641697767960352 1.429710024429417 -0.41804296827458387 1.0462718645907354 1.8089987255097573 1.4249958830156244 3.2721895725611145 -0.2511008718736053
191 2101 0 0 0 -2.535979800089285 -0.41357572566422673 0.2806337084702875 1.1413154982803972 0.2576572608576781 1.3604015564861605 1.4291767463313452 -0.4185648480205894 1.0533423264224415 1.8100446700606179 1.4231515290007846 3.2742889568417013 -0.2488676123996721
192 2112 0 0 0 -2.5137266351545065 -0.40502072565652963 0.2797697618141701 1.1355607088031614 0.26950541698157837 1.3529544381529015 1.4271810480705966 -0.421205888591741 1.0560555649200225 1.8080282435264496 1.4185569631939514 3.2762139455500816 -0.238770959552296
193 2123 0 0 0 -2.486609589118174 -0.41031002595561605 0.2789697474994184 1.137079115338153 0.26199361541934996 1.3439392702522532 1.4277245869572082 -0.43021515993785187 1.055719446553048 1.7999011130390064 1.4183710232468902 3.2756344724526847 -0.2313059048902515
194 2134 0 0 0 -2.5052652095371357 -0.4206054243430636 0.27635838173952915 1.1411181027273651 0.2595210636738012 1.3434296650985007 1.4275606597876112 -0.42765820063120696 1.0509815850066007 1.8093945604840214 1.4202777786961973 3.2852905184236647 -0.24004933863509129
195 2145 0 0 0 -2.536625051673974 -0.43649391694282375 0.27964137541091866 1.1528654096960222 0.2546612772004061 1.3363154979796656 1.429424252633372 -0.41877954498879194 1.0381000236222477 1.8267580404334007 1.422910297772235 3.2944172434878123 -0.2343415151861699
196 2156 0 0 0 -2.5048610493894055 -0.43155185032936905 0.2810425506958346 1.150524444035719 0.25775591626540484 1.3413762304476542 1.4286755428914917 -0.42556297287235867 1.046805919178087 1.8177173892901597 1.4226043511336588 3.2832796763554297 -0.24553837106322182
197 2167 0 0 0 -2.5152256557273907 -0.43745996953436195 0.28204230122697693 1.151291722525948 0.24898964534769089 1.342077938779931 1.4328309588298356 -0.42701088204178494 1.0549697087362946 1.811278424930227 1.4272540588376228 3.2835450103036226 -0.24978190495227204
198 2178 0 0 0 -2.4972988478734686 -0.43032321351956065 0.27827789199877706 1.1463901728925574 0.24279568170084356 1.3382570271821332 1.4371323647564853 -0.42394683799716987 1.055906152285177 1.8135812496898374 1.4188533977456694 3.2817011897621713 -0.23586111553998237
199 2189 0 0 0 -2.4862161797351776 -0.4268933536867726 0.27772670520729986 1.1468513743458646 0.2476775851200989 1.3372880890382084 1.4355301146133672 -0.4183486924998099 1.049221393094471 1.8254871947711755 1.4169415967182781 3.2872712988220822 -0.2323226152431807
200 2200 0 0 0 -2.5045103672391544 -0.43133620492103547 0.278250067602122 1.1441550176164004 0.24911950134851213 1.3368257193590858 1.4355389266918337 -0.42253786206177335 1.0522021140945685 1.8197880634234416 1.419369364748404 3.2907289368443893 -0.2326862362973429
201 2211 0 0 0 -2.4944115374220397 -0.4282192812102992 0.27831419883004394 1.1424757411359558 0.24963144581183136 1.3372478726596666 1.4312990561396144 -0.4221954975113604 1.0519228117336403 1.8176913074645806 1.4212205772880389 3.295772779954464 -0.2245674493661232
202 2222 0 0 0 -2.481618361311466 -0.43534922910498297 0.2807078075999906 1.1398309806444777 0.25512878559532964 1.3343416018752425 1.4342893150014298 -0.42695152490831306 1.0448923221878288 1.8130774640976386 1.418977506974409 3.2920342931272923 -0.22359128120854718
203 2233 0 0 0 -2.4711588454477624 -0.4295613527725021 0.28064005996750685 1.1409757307105877 0.25799006901696253 1.3345289738432153 1.4283408149504035 -0.4258462007103851 1.0396091285474065 1.8143158271675135 1.4140806846483776 3.2871627351481734 -0.22155167796940886
204 2244 0 0 0 -2.476711696474674 -0.42228860032420196 0.2798384503624224 1.1404148825467737 0.2547880933006237 1.3326834280117528 1.4291011521902681 -0.42775789559190097 1.0404932707869077 1.8140374649909081 1.4110788260491145 3.2911265717277898 -0.22494411563335082
205 2255 0 0 0 -2.4610691220634275 -0.4217795454746798 0.28537868400983246 1.1420197759328101 0.2623996696919371 1.328437674711251 1.4290519295187316 -0.4317200964622747 1.0361306518356879 1.8112938907243057 1.4115585139152083 3.297269711103504 -0.22677492689199852
206 2266 0 0 0 -2.448806034531934 -0.4158697646418993 0.2837020104344838 1.1412080844784023 0.26149501508980194 1.3331516617628125 1.429578361301719 -0.42865837355458913 1.0340304376797862 1.8153136770212042 1.4138228525627163 3.3060124112244886 -0.22359840008597112
207 2277 0 0 0 -2.4464953741395012 -0.41526013171913856 0.2862782971220631 1.1440969967747245 0.26118973017249053 1.3290748449400558 1.4298196609677747 -0.43091410759050053 1.0389321048906903 1.8130226018126514 1.4170695210246715 3.312516837311987 -0.22653482120989765
208 2288 0 0 0 -2.4511877910636226 -0.42227442722751224 0.2859704790498178 1.1441607494231905 0.2620178971757624 1.3312547179669851 1.4355074094836227 -0.4337305617996441 1.0415670307812446 1.8089387896091154 1.4183510617276591 3.308529281049482 -0.23421191656678575
209 2299 0 0 0 -2.4498753649521525 -0.42479974116421654 0.2847944844804222 1.141863635002839 0.2609223529407547 1.3356982085641183 1.4407691702077392 -0.4368303679006711 1.0355388196584394 1.808025023294261 1.4192307989632174 3.3170060044898992 -0.23566970220595473
210 2310 0 0 0 -2.4602094194898276 -0.4269056860772859 0.2864509313920815 1.1427298474679124 0.2567881110733 1.339924370418419 1.4368866786497523 -0.42737166654579867 1.0286419131648614 1.8163976090045033 1.4204217993833017 3.3137190281870748 -0.23432908622803675
211 2321 0 0 0 -2.469936674327128 -0.4277466864838543 0.28574412538762745 1.1443261128342361 0.25508313227010204 1.336899651950234 1.4317346438113985 -0.4227318341230505 1.023517491079693 1.8241843492083853 1.4194582506884543 3.3151739846769868 -0.23579426609581486
212 2332 0 0 0 -2.4607123710262195 -0.41535641659724 0.28162385585552857 1.1455435615785576 0.2485324238800592 1.3369134162926235 1.429207822215359 -0.4183544245834955 1.023885327211114 1.8270637530107035 1.413143654153176 3.314749445849852 -0.2336168307439905
213 2343 0 0 0 -2.452160135294889 -0.41619724092912097 0.2822262112468035 1.1437062307134964 0.25068068669509175 1.3358894638148657 1.4304074082360378 -0.4239522012018811 1.030022719274676 1.8243343908415586 1.4121782211068745 3.315323595956498 -0.2335417629395095
214 2354 0 0 0 -2.466484809020485 -0.42784377329830864 0.28585226597607805 1.1442446878331904 0.25154502040680116 1.337546101980452 1.4340435069648334 -0.4250121095851624 1.0356599088109961 1.820817636918248 1.4149710688863046 3.309759449680223 -0.23905529888404273
215 2365 0 0 0 -2.4728354800137713 -0.43189612344135203 0.28586903406625513 1.1458242378106411 0.253278243203133 1.3317662581531262 1.435117516015951 -0.4305556239903057 1.0345877031277644 1.8176482637578433 1.415912917901984 3.314848536087112 -0.23567664342391345
216 2376 0 0 0 -2.463861577972532 -0.44055654914876935 0.2887475093665111 1.1447973584942452 0.2589026229447965 1.33309213579129 1.435226823554312 -0.42916170890848176 1.0290543628310942 1.8224845474087639 1.418303058225281 3.3155276562879314 -0.23015474812091127
217 2387 0 0 0 -2.450015822445264 -0.4402856669866455 0.28844512559984264 1.14348575017336 0.25763386232970503 1.3292698514289636 1.4303697669155238 -0.432604629725812 1.033397060934394 1.8236579172545793 1.418862212820059 3.3186200269752084 -0.22579402315760408
218 2398 0 0 0 -2.4614065254248785 -0.4362801174344779 0.28672970891941635 1.1469059234601238 0.25290384496693064 1.3302722890432732 1.4308616437438788 -0.43047626074744316 1.0312054446261452 1.8269444230842724 1.420623353641018 3.321748417294442 -0.226741509145026
219 2409 0 0 0 -2.4606274494655285 -0.435788043408969 0.2856920258168136 1.1462386799187632 0.2492730335576268 1.3338676038478792 1.4305570923547117 -0.4271204594226444 1.0292647085656312 1.8294811887750386 1.4213615532990735 3.316748230262014 -0.22697296296586955
220 2420 0 0 0 -2.4589000158365457 -0.44186563944128043 0.28463671346111563 1.14778451603183 0.2502434535090272 1.33031609956242 1.4311200459707507 -0.42513335473382724 1.0214125403009497 1.8340006424834234 1.418191579286304 3.321315858576656 -0.22063840139126994
221 2431 0 0 0 -2.46214087269366 -0.4388212722597871 0.2850668252091088 1.1487004666484597 0.24854030166276408 1.3283157184374506 1.4247636317812553 -0.42854557775286783 1.0226090892127704 1.8335984748435674 1.4199412916582808 3.327486376840023 -0.2234964193808617
222 2442 0 0 0 -2.4733013022516053 -0.43587339882431153 0.28425677186629583 1.1509295989209767 0.24333441883858417 1.329844108959926 1.4206899355548992 -0.4268599782890143 1.024465055296522 1.8356700942879727 1.4197257582538636 3.3250504099787945 -0.22379111967909032
223 2453 0 0 0 -2.483830755559015 -0.44274013772678933 0.28198860583896285 1.1478202042776167 0.24153208353563713 1.331304706148866 1.4260831713892497 -0.42361666377913676 1.024964464926001 1.8391060393304521 1.4195209758844451 3.3253040416363504 -0.22206118908552136
224 2464 0 0 0 -2.4940693275086114 -0.4475485725841659 0.27919021940461763 1.1496277644737933 0.23894210436338975 1.3314388249846747 1.4271018806677709 -0.42111983912907175 1.0260576485755055 1.8420227729994885 1.4220983382735028 3.3300365683062347 -0.21446695944355687
225 2475 0 0 0 -2.4996685772671907 -0.4489019378903705 0.2767717758287689 1.1506115752978916 0.2348983978863918 1.3348526743016689 1.4339910154095379 -0.42514868630919234 1.023131427455566 1.8365942447776706 1.4217059324162693 3.332473232408428 -0.21609303942355207
226 2486 0 0 0 -2.505733854257288 -0.44460620525129046 0.2764034880576504 1.1502559594967432 0.23005964636262172 1.3378924562472325 1.4337939792658325 -0.42577056507984395 1.0289935161457304 1.8300083354323644 1.4206387527075475 3.3269576443915843 -0.21743357551680023
227 2497 0 0 0 -2.5050008726698314 -0.4409052402989679 0.2753341696134382 1.1515822934894653 0.22791889739525312 1.338740506363757 1.4308128746484043 -0.4242179728312223 1.0302825371852666 1.8302006016210997 1.4236377546320131 3.326660369257125 -0.21649274732761803
228 2508 0 0 0 -2.496773218779172 -0.44206836062817845 0.2737403654470206 1.1511758657236375 0.22149138358355377 1.3413280488943096 1.4382930669849618 -0.4270522525175316 1.027067175993091 1.824849239416001 1.4222647118677565 3.326526826216072 -0.2204345641123328
229 2519 0 0 0 -2.498379841629837 -0.4495519726303031 0.2749601943072724 1.1500981249552729 0.2226259163692822 1.3390474905728513 1.4421939431989241 -0.423394028946563 1.017110356849986 1.8298458012083019 1.4213893413809426 3.3284655395652374 -0.21333587344197028
230 2530 0 0 0 -2.4956107200634152 -0.4455313224200405 0.2777116352837828 1.1482513352499373 0.22856377044162998 1.3394327032492894 1.4369350750971812 -0.42212290075218434 1.0194146664714767 1.8281542640519655 1.4159927493955677 3.3141014142302447 -0.2152643668270837
231 2541 0 0 0 -2.5021234914889803 -0.4510440749294003 0.2756102421588894 1.1496490294786565 0.2218613389248205 1.339545703378324 1.4333694755766533 -0.4238836324011975 1.0216511281115104 1.8288675468985047 1.419522118519183 3.31642657209988 -0.21664594627264794
232 2552 0 0 0 -2.510082883884469 -0.4518607374242072 0.27843953634085683 1.1514910062495542 0.2216687901669474 1.343395604233126 1.4366950369899525 -0.4258198488284843 1.0206457883657187 1.8256589648013295 1.418400675011678 3.3156947921016102 -0.2206893272447049
233 2563 0 0 0 -2.5268538300163614 -0.4539455630869933 0.2773709482193679 1.153333032192417 0.21468081456597307 1.350404632535736 1.4435264503742573 -0.42547521147105477 1.0224340224668873 1.8198240747402337 1.4166737664867224 3.309993080783309 -0.2246913022324803
234 2574 0 0 0 -2.523281399604026 -0.4440181622210631 0.275404035914531 1.1499616191436142 0.21899765658782502 1.344698945657994 1.4342423736094134 -0.4275863777478549 1.0272471225352595 1.8215905573272582 1.4171177336868341 3.311127874186759 -0.22245028434005193
235 2585 0 0 0 -2.522748059763827 -0.4423231172101737 0.27534051664701975 1.1514199381789294 0.2185070648681332 1.346366992758276 1.4334598675230246 -0.42667881757838866 1.0292983731447287 1.8237174369870366 1.4191095649648662 3.3049149535437645 -0.22948931965029556
236 2596 0 0 0 -2.5238878168950936 -0.4395365457477635 0.2747198923646039 1.1539635090237752 0.2158918704622133 1.3439757268722359 1.4347976567627279 -0.43094436072029774 1.0331737173142947 1.821190398732142 1.419878681575581 3.3063597487406917 -0.23232123599934376
237 2607 0 0 0 -2.524426164226429 -0.44072545044424694 0.2731174507902582 1.155833579322334 0.21163929110461904 1.3418596335029624 1.4336180877241227 -0.43433182182545427 1.0342065930987516 1.8184890954844097 1.4208668785148824 3.3075149902717227 -0.22809247464321156
238 2618 0 0 0 -2.5166326673723827 -0.4374442886245724 0.271410492881752 1.1528655040512952 0.21044947603415703 1.34381570436843 1.4345055779325493 -0.4348269196833284 1.035024911773125 1.8160177890971623 1.421444134704465 3.3077386459771576 -0.22169518195905932
239 2629 0 0 0 -2.524089660387546 -0.43988640366317294 0.2712520690648718 1.1533421628121725 0.20249909871314983 1.343602327737327 1.4389022717527151 -0.43653026492831903 1.0407825029743256 1.814079966990144 1.4206610487636853 3.3048245544232735 -0.22362230021062274
240 2640 0 0 0 -2.5309076427784483 -0.4428599610828155 0.27243455343686007 1.1531573742216796 0.2083719294467983 1.3437997545545182 1.4405513312815013 -0.4382972251018715 1.0379685933178813 1.8128719568461555 1.4213794421298174 3.303956266941469 -0.225823026694865
241 2651 0 0 0 -2.5293791664135483 -0.44374978614694627 0.27371833062651674 1.149319897045158 0.21305541977512288 1.3446634543147447 1.4430560035380475 -0.4394887596227803 1.0385553161298595 1.810063474872708 1.4197183698670899 3.3020783560736815 -0.22254722242606512
242 2662 0 0 0 -2.532372986827294 -0.44590041160016824 0.27369111168734217 1.151300260146842 0.2123326733923698 1.342217334105713 1.4373540868914412 -0.4408208831256963 1.038837947920335 1.8126110697370283 1.4208653173343673 3.2989939827191286 -0.22054295602810214
243 2673 0 0 0 -2.531633922191457 -0.44703328851345914 0.27505509308659615 1.1493304607962243 0.21805961075167257 1.3448202216377152 1.4396804334893738 -0.4410735427725077 1.0369246463905177 1.8107853531855354 1.4217317171869366 3.298993466355977 -0.22085866216507027
244 2684 0 0 0 -2.5452049575142475 -0.45070780239430897 0.2760434621720789 1.1498077997534148 0.21650537193502695 1.3450786458227804 1.4403454325118545 -0.43796988206378706 1.0364703410640679 1.8138870329622687 1.4231510736342676 3.299121071322789 -0.2220550372586426
245 2695 0 0 0 -2.5471541521382353 -0.45352302089870306 0.2765552453083741 1.1498106543078055 0.21729396672416393 1.3425588970959577 1.4407828107439642 -0.43990183474989364 1.033822110323616 1.812364719491686 1.4241333382195929 3.300056594231472 -0.2236479841693063
246 2706 0 0 0 -2.552328947179282 -0.45445943077979384 0.27605375332943743 1.1478069165940101 0.21691325008303283 1.3457726387393898 1.4408347127638177 -0.43457027803898857 1.0293765372840136 1.8183851764981036 1.4226387030559926 3.301918764113991 -0.21921074279061264
247 2717 0 0 0 -2.5474853486781766 -0.4580693461595085 0.2782805715234535 1.1469654975523957 0.21837247724357378 1.349039086955453 1.4401103767929715 -0.43081152004654916 1.0293574714504994 1.823997048776044 1.4244332215320468 3.303466982347237 -0.2208003502544512
248 2728 0 0 0 -2.5493215166493117 -0.4613814081694089 0.27868255211938747 1.1481200921051844 0.21799807523176878 1.3484299627309198 1.437695146111559 -0.4288719611100654 1.0272953300315588 1.824665118659153 1.4262549319009208 3.3064347321158296 -0.2154226028380308
249 2739 0 0 0 -2.5431855192155215 -0.4581390686533189 0.2779151881213184 1.1485055612341608 0.2162606572107378 1.3459122457007198 1.435764131819452 -0.42875141623704055 1.0299022083731422 1.8255757170252873 1.4262635744576428 3.306404124662967 -0.21215416538716314
250 2750 0 0 0 -2.547337432782438 -0.4568803160377584 0.27742100227689553 1.1468500214512296 0.21365864982285673 1.3442698476366108 1.4347555012201567 -0.4282513826882447 1.0339758935664947 1.825476289054254 1.424919241974271 3.3036395376471175 -0.2110586227891081
