% # columns="iter, evals, sigma, 0, fitness, xbest" seed=1066300, Fri Mar 29 15:12:20 2019, <python>{}</python>
1 11 0.49257033242754605 0 44.67945721537868 0.5708674907257238 0.4039072894080812 0.5651436095906699 0.903365009577587 0.2163384782983767 0.23742148426663784 0.7065433171163863 0.20685347329481663 0.5511743667949884 0.10799760491699484 0.010082603492656798 0.4553880555309304 0.6389238317507691
2 22 0.47748321139265637 0 5.857136206593734 0.7703771134242683 0.5461144590886782 0.9309849304021774 0.4618556312603379 0.43610807169175814 0.9995751224538307 0.930510816270926 0.23813202079117746 0.19815729991075381 0.7617414423176515 0.4927736208809155 0.9969669378792669 0.4393553797427
3 33 0.449215592807026 0 15.913603041947514 0.9974403337827096 0.3003882802366253 0.34962504928672844 0.7994588960623481 0.06501521721924902 0.840893017167946 0.798981647219903 0.18887780401648324 0.5390531961478386 0.507771096181395 0.0007741803939204648 0.2746177754631378 0.6877947333476144
4 44 0.4285988560228596 0 11.430185642509546 0.9636786909003959 0.0683647890449148 0.4361390838629949 0.9053733201323573 0.37652999020591377 0.594702881014396 0.5911129806879598 0.242029959624243 0.14861681897778803 0.22923594460974006 0.633858555652997 0.6645364180851396 0.8205921491109207
5 55 0.39673399057894787 0 10.395990443633456 0.10283343572181425 0.017465883872691223 0.43401474314815436 0.747336867836047 0.24070700466932407 0.7284102697057727 0.976885085838082 0.06391372527222794 0.2765344700585411 0.0728246471901266 0.9742485069242545 0.9852999885311904 0.49336900257852556
6 66 0.41250815633044247 0 8.6574313302644 0.08850921401800493 0.5608479327911755 0.381524576157016 0.9955449249587227 0.5602934557185625 0.9640678091325019 0.44249575439609246 0.2811193178772045 0.7523970659847266 0.3930520869637215 0.9872711317043597 0.986390442899055 0.26082429741774416
7 77 0.424572913290118 0 9.139904204360246 0.28031732840484497 0.19199964764710578 0.22445865204748172 0.8858211097082827 0.3341072980389481 0.8999118602507854 0.6963953359144557 0.11755049012916684 0.8752314693198098 0.01379543724776526 0.9882189308403326 0.49901791141208807 0.2712776505232236
8 88 0.40829211560191564 0 9.086730431123463 0.36328337654296433 0.32193101649135764 0.1507771374355355 0.3715585956362105 0.1847255141323867 0.9735356072228932 0.4582686614431397 0.17790729520668763 0.0936320251324364 0.26592247024498267 0.9999985666513972 0.9962818035610657 0.47815355362069756
9 99 0.3946339790098378 0 5.407794373505482 0.03976537967656576 0.06872455184450307 0.3309814047237415 0.9230753677363691 0.1423837196899011 0.8751152337343524 0.5501375839604314 0.2180087210023015 0.05821260937917516 0.5774256803525339 0.4285552733280102 0.7352437269582066 0.23456493894790093
10 110 0.3708844372573686 0 9.916475644734648 0.9980138355483998 0.021012718791690036 0.44745352016263595 0.9994288883190799 0.09129722107243549 0.9964651676868734 0.330275483169178 0.3005371808311996 0.3752814704678141 0.6603114872801634 0.8252862275993483 0.8645704225051878 0.10339150798347899
11 121 0.34388839855160963 0 6.6533287352311365 0.26879223504534056 2.6470973864340904e-05 0.5996502621146285 0.9975434727567056 0.033674320467601174 0.7605210889853644 0.8678728198967541 0.027564176348329198 0.5476110692257947 0.5667506418956811 0.9998420125717671 0.9605009363650573 0.2833431679297855
12 132 0.338934862542535 0 6.472536008068072 0.27770162111720037 0.14173705784270235 0.5667281012377695 0.8560415273367594 0.43650272421039815 0.7786990209619389 0.2749651962082301 0.40930015257812563 0.21799002244718435 0.5905915075142498 0.7198847715460721 0.5191091732815201 0.48309420795395797
13 143 0.3209503998067307 0 7.158917746446607 0.04113155486361657 0.18928194556982064 0.5406305915162354 0.4338794184965532 0.25020993212373155 0.9718179758657217 0.9225098036398427 0.061780590561481136 0.04212989268938171 0.3260445786154633 0.5696732600340801 0.9646101520740645 0.17064538100477067
14 154 0.3286246892648271 0 7.721368029403763 0.4319652967618576 0.030937101810242153 0.9495941514790729 0.25657236237205916 0.24089265073366606 0.9705689244989502 0.9986687988093743 0.03788487137022699 0.2962587323259951 0.5096872547161009 0.7562907219129287 0.9947524208202672 0.13960508729319912
15 165 0.3255273825534858 0 6.344289479926524 0.4980284396360284 0.3018768697243711 0.5834791321645765 0.8561997196239719 0.2540762878271158 0.8434974402578744 0.743020524240599 0.17174275964341817 0.21535598734374523 0.7156184574239826 0.5475378728209899 0.8175318705392891 0.4289825863506279
16 176 0.33894794376089804 0 1.8597954272420083 0.25895445054809235 0.10475541045928037 0.9016401376749572 0.944163278816852 0.10814822681932362 0.9186525948547948 0.6214064634526768 0.04296030169933357 0.18549232661467646 0.18947614917890349 0.7653008945643922 0.020365208474307575 0.02566772318848279
17 187 0.3686894004150657 0 10.665569931737332 0.6719914194103247 0.38430808005872463 0.3466250391823872 0.9739882155048663 0.2448923717136821 0.560457023609171 0.5611079992736849 0.11241835253931651 0.25156608265705 0.009797774410698479 0.8872504337124181 0.2540720093012734 0.027722155711532796
18 198 0.39731110777177475 0 7.691170366428621 0.6701093154803635 0.34990626086016896 0.9944097310993356 0.3015539948386837 0.42063007079873993 0.999500330195232 0.9826108898227355 0.006578812146757071 0.09999464683961531 0.2856947315827508 0.762807235014165 0.041479294425730125 0.3497126243871958
19 209 0.4178202986796386 0 8.625192371727335 0.3621081686488211 0.02307953425803764 0.6617081017993446 0.7166911499226134 0.23630794278070466 0.7382631530266498 0.9598706067834448 0.1216289570414309 0.07491939874803621 0.31987568870231703 0.5948303242916493 0.37610359065682186 0.22162906253653458
20 220 0.4227652819908128 0 8.467099788830057 0.9359052007408347 0.3326321346680382 0.7500860196150472 0.9942295588441558 0.34348764567651113 0.6080242437045028 0.5003696548464192 0.15346137746766808 0.0009535971353693242 0.6597233569382525 0.8907603869210137 0.4314439781523589 0.18839969497447168
21 231 0.42987589295590334 0 10.716206431208652 0.9796217053261409 0.20385172620425152 0.08036047710603988 0.9814662492964351 0.22376034422386948 0.6199529165323128 0.8895372568620936 0.39639235742561174 0.687141115091649 0.9456410139374886 0.6250564173324047 0.6490158517358973 0.26136881672290224
22 242 0.44885923150801105 0 6.2595244959164775 0.6142520840540393 0.20215297347376515 0.1688260122653149 0.2758614478513529 0.2029366790003096 0.6710561533258705 0.737583734393999 0.1577264635190049 0.502587067972448 0.6590625370373132 0.7414378377697812 0.9414165589346933 0.42033162700748716
23 253 0.45649677974347425 0 9.063293972221954 0.45686995886840487 0.04743314320832389 0.6302522936216506 0.6869157806181544 0.5836918371730648 0.8152503089084218 0.6312082823339362 0.03652001200565611 0.2973799702523953 0.6305407682857135 0.7307715294818945 0.17380099571629115 4.5218367011309086e-05
24 264 0.4376840967290335 0 12.31479716091039 0.9008012200982708 0.5080610623292994 0.0009386599984679892 0.8449127229466222 0.20544113950265797 0.8332278341937036 0.939007029466032 0.15407952798321684 0.9718815699344419 0.48353925730350655 0.834149066297193 0.8816797809147361 0.00981961749215393
25 275 0.4389232631683987 0 9.521413972195043 0.22326909613212687 0.011358789719721476 0.17293499258852177 0.9789898853649928 0.1460005089216247 0.9504294256438778 0.6015622004097967 0.2281932012278729 0.3769419459232423 0.9194035492846496 0.8883501208263718 0.4794312747058238 0.2067517462878809
26 286 0.4199430441141389 0 9.161376465166382 0.0011333311496873235 0.0687046213522402 0.5996547136444357 0.339411869363374 0.21517484092619388 0.7983934224367099 0.6805021230617185 0.34248663509181476 0.0023848567238375757 0.8274811844944099 0.08815983684377937 0.8240880616132833 0.38386283396327914
27 297 0.40280833961062285 0 5.255695421711164 0.2632701237233599 0.10212815405143871 0.2537473559235632 0.8821061843457498 0.0547639872672156 0.869297301755928 0.9229746055475864 0.2918211942546052 0.05890955311489757 0.8859557646293914 0.3064538326227372 0.9423954113485444 0.012864284284541538
28 308 0.3887470293924696 0 8.360575598090122 0.03090550376489598 0.2933732604593384 0.5154630243895979 0.9935893475846291 0.07800841284600823 0.9999874476318436 0.8814313228761443 0.17625105543755187 0.3205442821289688 0.6667357561334242 0.40254943119409325 0.34296251398101285 0.5475048603763655
29 319 0.3739369765584566 0 6.19539550090231 0.2883825329394726 0.4611438949437443 0.20283426023446094 0.6292251504626061 0.3342996626335552 0.5220124581293832 0.9606794903861172 0.1805512994541852 0.9987903176696429 0.8694194845108193 0.8914243061913929 0.9320228084587963 0.2666381180306301
30 330 0.35997795519192455 0 7.181274727000659 0.0667703749311169 0.9206110637756946 0.27576186674629677 0.6761363144167671 0.41817970657613956 0.7969573564234678 0.9140508919235232 0.3511823188823872 0.9896616055026335 0.9747210007053272 0.9649712883506129 0.9893255451237283 0.00038944781055188897
31 341 0.3688699058336174 0 10.519667261593545 0.16159784015417344 0.2516123532348573 0.12213673178565917 0.8617307831019669 0.3431342784477213 0.5488307158562866 0.8240595913795639 0.07486445496018854 0.894822933771477 0.9078473581752214 0.7348794429547019 0.6486748467054211 0.2527821111694839
32 352 0.3679899811081568 0 5.0592317292894675 0.016487809018580407 0.10651562133008827 0.41202525471845064 0.9636106180628528 0.0969044250186149 0.58352785373331 0.8252006413851705 0.08359581198958561 0.7266390840276344 0.867101175940149 0.6425284781941181 0.6876216615990809 0.09604334437810935
33 363 0.3538222022906922 0 8.66324212267982 0.10834633756759804 0.47098750477529616 0.31838204254346514 0.974464918747053 0.013062483697486551 0.9861636220137934 0.9361818280218762 0.32479415215700425 0.9714524611472292 0.5258409447388694 0.2612675443588789 0.9329273231861304 0.5114488208285495
34 374 0.3448968811596125 0 8.474546460538585 0.041451203524129794 0.2644174474525836 0.48524682203000014 0.9672029850411369 0.21281768997396203 0.7714371049086702 0.49546918167095555 0.54436989644292 0.8246998987550209 0.8441515068060783 0.6306538723672113 0.9697889283221998 0.39584492371392344
35 385 0.3301254949985959 0 7.005666841659761 0.13767532215859823 0.6377741069500205 0.7834121968969854 0.9078956947866812 0.18390474787376734 0.9989730144962887 0.9797767067727304 0.28001819635269476 0.9520706500437901 0.9986354849281953 0.9907996062607628 0.5710660241825738 0.6845795832102894
36 396 0.32228403542365586 0 8.651630855760661 0.07798185771774602 0.6459693320660918 0.8437577456935341 0.6473984017958234 0.35962747489283997 0.6048765828099968 0.9440917569904098 0.3506321013315187 0.7234531779811941 0.9650975095120036 0.98730203109148 0.5672618268008378 0.43265434590135743
37 407 0.30833628383544887 0 8.908370671393348 0.24540073190506384 0.01975581462792005 0.6438484655830907 0.8328967257803492 0.03910414223923717 0.6613109004676205 0.9179061453705437 0.012218396424899898 0.9593163726922729 0.8506775966187543 0.9567558405986437 0.9860982424072574 0.5474506949102458
38 418 0.303463879197287 0 6.73629636659027 0.2743974571128116 0.06375711258084327 0.7474211087954168 0.9098325397728146 0.4255748432892582 0.6804263796476016 0.8941617248038798 0.17711891313794764 0.5678154383443479 0.981995315005023 0.9996827043553492 0.5798761850074778 0.6376959752432558
39 429 0.2888593859176014 0 6.332426723967432 0.092381767199469 0.14240656483356606 0.4108085037809027 0.9993631280928901 0.36922246722719393 0.6347580590365016 0.9304658715387605 0.07787599649742455 0.7802468350576153 0.5555096297407405 0.8322202872194742 0.9875266325666213 0.7142898969637343
40 440 0.27866994762638864 0 8.27077055886186 0.3784023302314906 0.018959845124667345 0.5948684008235231 0.9909070577189675 0.13088826492489353 0.9998784871049369 0.9813142656441631 0.06704118144531368 0.6132208675992064 0.6341316179039582 0.9781590518885116 0.41505889881029834 0.46495805034303506
41 451 0.26130052770443196 0 8.32622931045247 0.3698489607955785 0.1270111064985528 0.42075615623806756 0.8579456042105325 0.3928913028567579 0.5371786120261244 0.9951189710862379 0.16353359604408724 0.6853855811449834 0.741178419513663 0.9974793973361085 0.890307245201182 0.6998337916324853
42 462 0.2672493788850971 0 8.353871994538936 0.7240046618878189 0.016063397310672627 0.2036609472062563 0.9620482820362911 0.013510674560813484 0.9121556819636694 0.9930433672039247 0.027957197722177304 0.31202794399450373 0.3719247432523508 0.9317379588393918 0.9878414069614058 0.168437985231142
43 473 0.2659865163364507 0 7.131400565245096 0.5486100051150788 0.06739912515719022 0.21779432582027125 0.990805305940415 0.3637423178022394 0.4001178819458518 0.749500776450974 0.005879373871581817 0.8019210845079595 0.6110954586843242 0.9557959910088911 0.674873666278784 0.19444328289343904
44 484 0.2699399239163588 0 7.422346908749897 0.6634984312039716 0.04973532746500134 0.024620800897026233 0.993570470865205 0.6303353148492419 0.5621079257863059 0.9854737414474692 0.16985932728901976 0.5691561543706718 0.6787742712059892 0.6805536168813148 0.7510037475075344 0.58143422511529
45 495 0.2625968511799626 0 8.612956069545131 0.9984113795441492 0.004520978738212363 0.27397265526841497 0.9999190401475812 0.005048578283231979 0.6730306599808948 0.9659690915752989 0.02146858978923536 0.7990069265662757 0.5951211900901725 0.822121182312654 0.9967477508506446 0.22744386867684946
46 506 0.264738303173283 0 7.0376927544288845 0.3967603120568094 0.0025462225505464863 0.06389418977264708 0.9644115623204748 0.2133791391141565 0.9893401383688174 0.9826771333273892 0.12299404064112895 0.592268601887721 0.41727015275869717 0.8229023622635918 0.8689317525669007 0.21530950641801228
47 517 0.25988814379114256 0 8.496733499391427 0.3825047972061931 0.06691136566818154 0.00019164280076827152 0.853890529050848 0.24915491294547815 0.5753842904881713 0.921184958663746 0.2130773572577711 0.7956483354300801 0.3480877066585396 0.7089203305313119 0.7906928935848652 0.19779258263196614
48 528 0.24971639157351197 0 7.288388315359238 0.15537644081467328 0.17232757143053734 0.0742693340589039 0.8258394452024282 0.2117950066335732 0.7174764171305174 0.7227871326929061 0.23001703233998488 0.7915962706266799 0.37599716005097983 0.6199660252097112 0.8605572664538184 0.2910335920189915
49 539 0.22850688968220553 0 8.971520791859248 0.4983610255868758 0.2460698566128791 0.1044219501590965 0.9485949749814593 0.22679024757295407 0.7643917998914105 0.9957540119724074 0.33678626516065135 0.9844518875249847 0.3644521558903563 0.8768535321293693 0.9316892279443054 0.3447156566878039
50 550 0.22329282625854027 0 7.265680833456769 0.05952637805627478 0.2725759984934911 0.27532089875723736 0.9786915895621028 0.6797696499384415 0.7217070703367426 0.9342122739295052 0.034988647642221815 0.7126684915795669 0.13879965110691617 0.8145317888064407 0.8302884661725058 0.0008237613232570137
51 561 0.22774550326683296 0 5.090024676222365 0.15630727473097228 0.3618595822836546 0.3083788020953325 0.7331442006113209 0.21739824518430612 0.7675089327432298 0.9593041473402668 0.21557980128718107 0.9904271089007975 0.29477707674765286 0.9853793611857798 0.9455695226730945 0.06014335359697945
52 572 0.2259007113747559 0 5.732058424133076 0.38006853038910615 0.095361975127796 0.28279581108231655 0.9658134389414208 0.4961503509161182 0.6287474394222974 0.9651246917334784 0.39340721489481895 0.983255376660595 0.7132921865621744 0.9747658279116829 0.628506841865295 0.11556475491176996
53 583 0.21702401070329033 0 7.95009175972482 0.06984647779586525 0.188786680690187 0.38132193604541853 0.9994291990146156 0.41971571880348696 0.4485435230279281 0.996069156189304 0.22808793432265106 0.8043382783090582 0.7059827517301631 0.9478342940455574 0.5306120704677642 0.022624498102898533
54 594 0.21422100733076171 0 4.31596634698197 0.8186582547197423 0.3095794913108385 0.49040152618349087 0.8889095199077357 0.11308596075617872 0.8830292946377557 0.6983725631222919 0.3396757818520997 0.8528546333680835 0.5136512846417729 0.9189906978447243 0.8856436681837696 0.07195684982917658
55 605 0.20933339976923612 0 7.76118046910718 0.5561991750212674 0.24978138937314032 0.19280376531027618 0.9970278635045989 0.5696359319235735 0.6058290594833751 0.6165726611410849 0.4048520482886646 0.7005620913070634 0.585042928386317 0.9099426551203753 0.7286244878614032 0.004218359449584057
56 616 0.20096855574584388 0 6.151543372091783 0.2599207822814643 0.03663923194996944 0.29531226453232595 0.9840329851908289 0.5938750454902169 0.7643002953799573 0.9754094449324897 0.1547997373427663 0.6582268495203887 0.442219345195897 0.9436627410659044 0.8910104641339274 0.1804413649368954
57 627 0.20069580852847538 0 7.889306223924582 0.4154981600527613 0.6649762586408088 0.4793719266523919 0.9654706422869851 0.5696675138905636 0.9121815612432298 0.7632951513754431 0.11259034435837692 0.9499262232584648 0.47120151727111836 0.9574265339465681 0.6859254213240655 0.1780333728755868
58 638 0.186930441756788 0 5.591315696294506 0.7296726301559884 0.39165633187278975 0.5675896322707406 0.99992688071271 0.2666554709338727 0.8757772902359429 0.7088074964964601 0.00016859220114721476 0.9115901908766576 0.1587263178549453 0.9964406661052566 0.9782326390325772 0.21899970016972153
59 649 0.1795058045629204 0 5.866507464638166 0.4645483717928163 0.6264093905652104 0.4407814347153277 0.8871655623015293 0.443288708886101 0.7512144933209296 0.5948181705116038 0.16388027207480266 0.9775483502392109 0.19809153403758295 0.9765509909677267 0.7542864610819304 0.14372451880066747
60 660 0.16927997181998025 0 5.3876288707954645 0.2697556930937016 0.5278830076905143 0.4017414431951136 0.9881665529861613 0.4541983667219318 0.9751802683583907 0.5638091261895652 0.25360633263305 0.9996634725908009 0.3730622424134479 0.9594109810595284 0.8584460893763093 0.2617418987821823
61 671 0.16605241485454733 0 4.588702244917854 0.5411816611821425 0.8518542322045699 0.3813655338836759 0.9997687625318974 0.4671601380333651 0.7527299160094376 0.8382619895300234 0.22450086763870847 0.9251593592000898 0.41511971700298866 0.8200023429126169 0.8094436216086947 0.1663049161702873
62 682 0.1657908359641122 0 5.597491438810107 0.32379441477371274 0.7574856249748376 0.5358425518092793 0.9710328271858525 0.32388214152305506 0.7204910054794186 0.6656920292369559 0.12311942288737868 0.9966399032151182 0.32736469043591565 0.9029293226691766 0.7724170719109096 0.2690613158478136
63 693 0.1774700889537695 0 5.97213091705853 0.013723397731914451 0.6556623065517198 0.6644591642246069 0.9782887279758554 0.39957530673389324 0.6552010099671027 0.8329889353805031 0.18897995939434387 0.9816726240261363 0.49484591563138736 0.919147508976895 0.49967388167016535 0.37158602644070715
64 704 0.1737041157585558 0 4.814881108711427 0.27454633518604654 0.6072396913331757 0.5598247367565351 0.9465216149872973 0.427663635048766 0.7185514048971545 0.6174985858667246 0.299910325762924 0.9472502830257362 0.558122311644903 0.8489976612850545 0.8496103759271669 0.38176705112277914
65 715 0.17919598970078462 0 5.456025540109729 0.24248767048182884 0.6265295934962689 0.4555318745723783 0.9673311931799697 0.46384839828493796 0.8405069326528276 0.6890966818571604 0.29647027328669695 0.7665368460890916 0.5558192012987566 0.9979293013461294 0.564772589968304 0.512732111875623
66 726 0.18128434923724054 0 5.90910073662343 0.06925591140229156 0.7357947039856183 0.5351347466184437 0.9568454491213338 0.3447077424788837 0.7311637365988976 0.7740512195120621 0.3098965946937771 0.9991282770376279 0.6395148600473046 0.9783502172242104 0.6394919282291269 0.5896736646605734
67 737 0.18668078989140383 0 4.663792156517112 0.2609285826469101 0.5528404510042075 0.49815707868459747 0.9052931019284849 0.4988105130169128 0.9610502728051964 0.9034041337847567 0.32079995839343695 0.9646829689215969 0.5941899593440387 0.8969267319167731 0.5730102214234041 0.3561927623262881
68 748 0.18067276005583588 0 5.806424802020024 0.28386414965593154 0.4400122595432716 0.3521364374089528 0.9851418995744619 0.4658990084187819 0.7383086665714735 0.773901789556732 0.5534903125835888 0.9985319697788102 0.6451477330420858 0.796198050666727 0.8240853340492804 0.3992846510999801
69 759 0.17594464211379804 0 3.882952234945535 0.4750610092827503 0.20899828983587976 0.5093599897515063 0.9901731181716177 0.1260231340286242 0.8510241340035443 0.8846208310317081 0.39528547282262516 0.9564993079296397 0.6963221283440806 0.874697343364095 0.7367866000405354 0.4083003782368566
70 770 0.169447307762267 0 5.941611248547567 0.49757853844065325 0.3992938694789657 0.6439584998143615 0.9580096943538672 0.3679798429630679 0.7694930869586587 0.991465299376678 0.3559761888096876 0.9879755784175115 0.7298453396891564 0.9149543209612088 0.6667883928427218 0.24528063630042507
71 781 0.15506009917071747 0 5.6981713100395766 0.440543223865981 0.47869322244809887 0.3654335942384538 0.9554875053270859 0.5084044685234737 0.8353067303105566 0.9133759418491538 0.4512875896159697 0.8287888115076656 0.7738863496678261 0.701763204289422 0.9239051660926647 0.4775069441350811
72 792 0.1439335569212404 0 4.766034234421604 0.22987771941071822 0.3237245471558362 0.5424481835791024 0.9298307334300335 0.2521542399292645 0.8813762437788328 0.9175350844704462 0.3518712306964857 0.9914486270040669 0.5265057389280308 0.8016945830370346 0.8156337141224741 0.24167364249567053
73 803 0.1348240499504005 0 3.3946393702668822 0.31553585789838334 0.367078745121833 0.37395605897138817 0.9632853231164583 0.37326695581302755 0.7986022661558542 0.6885086579963027 0.3905240947406625 0.9419446135890754 0.4855335998295718 0.8327164053862341 0.9835750799863551 0.40604888679436624
74 814 0.12387733589980267 0 4.648099661409167 0.3944361205288405 0.4518969630885662 0.3572137497345232 0.9117791274965062 0.48839538621165807 0.7595008946459166 0.7352319955383722 0.33506441081358146 0.9900416367784441 0.5212922011318364 0.9405701909372871 0.8174989644914659 0.309411928910801
75 825 0.12325053812319836 0 3.9095626965480443 0.06992720880507228 0.4323631502187617 0.2931285268059758 0.9626409102218122 0.22392881454339575 0.9049789604336779 0.6813962956241659 0.3059606653543762 0.8808139724326884 0.3611368360542716 0.846318851843257 0.9998225035899438 0.2449707590413419
76 836 0.11569054075253864 0 4.779015989787039 0.03857830873671282 0.5607051315899703 0.5032969113371852 0.9245945080082145 0.341844674824152 0.82515614828848 0.8153618956751119 0.23737461008931027 0.996843139476393 0.3463688617496886 0.9244756146525055 0.9888082418670553 0.26613043791800295
77 847 0.10850654820729265 0 2.700971551845373 0.02918491203365135 0.5164645370747996 0.3288391095386911 0.9565231750614569 0.39405276023547137 0.9300078967107501 0.769842114017331 0.33489066563480907 0.9851060034376571 0.3933807069870773 0.8215252163057207 0.9482637301868599 0.253361160361051
78 858 0.11048077133543198 0 4.771976156778528 0.0012827733424053064 0.5424407443755246 0.38403385600705936 0.9451831041243831 0.2065956243558053 0.9796605439072674 0.7117764359923711 0.36643423187733554 0.9601300771543605 0.503306757114049 0.723265268097129 0.9999908093185692 0.2111900189163447
79 869 0.11403609496876542 0 5.119582331089824 0.23091727208186708 0.4888101870378039 0.454617664575472 0.9999160983959391 0.47291083978079074 0.9963634011160298 0.72541841855818 0.4004823618056884 0.9800734600970239 0.49274567011566894 0.8106968505731365 0.9756675347224252 0.28077324983866075
80 880 0.11071567801836722 0 4.434106798038269 0.2868878396299075 0.3163703050527166 0.4512406625593194 0.9946523333667928 0.47695546306296493 0.9991266561024762 0.8179366421952847 0.3413882016803586 0.9798735526058138 0.5165656600736483 0.8377312403536263 0.8916474331230275 0.3215293419106461
81 891 0.11217191145170391 0 4.249345704286106 0.6431907187003643 0.3283028315270858 0.4307267261493887 0.9999658306878725 0.5847625093004276 0.9985319482939052 0.7902121118103609 0.3465102522137174 0.9862984839615401 0.5238877779396991 0.8536176680434668 0.9854425268995406 0.22933313541488975
82 902 0.12461204424155689 0 4.524210610746254 0.7224969383134858 0.4159265503763996 0.6182281516955821 0.9985093930105474 0.7211443337200865 0.9435977015363191 0.625827661419988 0.3892663867506593 0.9820417422210833 0.5654410660700471 0.7998641878183621 0.9739222996271127 0.2959025914940136
83 913 0.13592719052939495 0 5.012092065174242 0.3803048434020453 0.36549401872827814 0.35522103120506987 0.9880756790921242 0.6637586927107963 0.9873432478648584 0.7776967586140615 0.4873376360196092 0.7762980520574461 0.5516192323601379 0.7147272256365207 0.9299502220556309 0.05987177080799633
84 924 0.1410132489737078 0 5.044889428538775 0.16998487273770424 0.2628696613215227 0.3015773331995979 0.9997747162482146 0.5364595436424148 0.9962899178387775 0.755413488137896 0.3578593092861336 0.6440337766531838 0.3972386894785488 0.7472274240355077 0.9978698783302209 0.000427368123360441
85 935 0.13965674181494497 0 5.661550154748691 0.4104573521958088 0.3436733813107419 0.2839882912244387 0.9973236751402137 0.7221876806297645 0.9197868928527343 0.7540603833022603 0.4389021305983525 0.7995300698921295 0.43708328244947114 0.6612118982997699 0.9269509503698306 0.07178973492933574
86 946 0.12728098015070335 0 4.180301662230961 0.013051775578375958 0.5023945232932361 0.3065851618265179 0.9995041744461137 0.44781869026626553 0.999539039400004 0.8489232220269749 0.3948358021387442 0.8750211885222203 0.4679453134781695 0.6534531898598426 0.9683392098079772 0.2335261069010926
87 957 0.12427026867126861 0 3.8167866995652577 0.0873379748030425 0.47403912646659296 0.3270386883718694 0.9895043417245515 0.6059628656896305 0.9437686135726779 0.7464828629242588 0.41573370149359534 0.791293251523191 0.43329731227230683 0.7954691807097816 0.9823178738255519 0.18670760593229824
88 968 0.1259156842783869 0 5.38389473910351 0.1722515551672773 0.45438555792903956 0.20665510765659573 0.9779602633257569 0.6120218612824726 0.9981766437063585 0.8136423963883141 0.3822237117445528 0.9465558357357611 0.3781714954612877 0.7422391386861156 0.9553720745231576 0.11297991112568004
89 979 0.11998812208913934 0 4.562532175386652 0.05181764594262592 0.5527079546979801 0.3671646137327065 0.9950183688922571 0.3293105378455707 0.974926979407207 0.9095401793040339 0.49166894148852447 0.890577045877589 0.6343081835993203 0.6776016420256821 0.9988106991114245 0.049731875558733915
90 990 0.11584900634813333 0 4.320797850454149 0.00992199203277992 0.490703383749885 0.394248232399763 0.994404941003756 0.6039861740629583 0.9995584536540874 0.693130000713696 0.37024528897869186 0.9915215005833617 0.47218615735846914 0.8606158513127218 0.9739276274788451 0.18686428270801703
91 1001 0.11330720237925845 0 3.83634497980423 0.18040666876991207 0.7054862974576495 0.3523296412486492 0.9998441860221091 0.5104220633696301 0.9992492222634707 0.7332537356149726 0.3509196087297942 0.9633620333648409 0.38728641955362175 0.837752913552616 0.9987163874330748 0.14863024553346807
92 1012 0.11210778081773928 0 4.331254587364331 0.1410500025726612 0.6942676795894096 0.49017194200791253 0.9722200195858877 0.565544896299915 0.9948157364044617 0.6653452489837082 0.35355096319099816 0.9535999188563757 0.49015835119869156 0.9375487980792268 0.9654808203142311 0.22073996332962842
93 1023 0.10730304915916675 0 4.791086892321414 0.09073212189376267 0.6238517782853428 0.4399716938006857 0.9949122987970414 0.6892162238643404 0.9990298770460496 0.6743028506113133 0.4216612091900839 0.9870208966534634 0.45665816219915634 0.9207157877037749 0.9013547718268256 0.16653492172878287
94 1034 0.09717509789768133 0 4.312480843115018 0.022579049698731573 0.394797126872966 0.41773492473877816 0.9990885465490008 0.5518074505086015 0.9982468448729304 0.7627613561463817 0.4623846381101413 0.9387722451461039 0.5335759892645515 0.8623350640126848 0.9509694849306315 0.2219939962452563
95 1045 0.09093660815054735 0 3.6652221312735804 0.013620394703931228 0.4745112467061463 0.3161667944843612 0.9996596602728236 0.5179254078192898 0.9981952158004931 0.7457647243488117 0.4295521176478523 0.9307394070528304 0.5268894411231246 0.790660072515883 0.8653523379308874 0.1298932577281769
96 1056 0.08661583462750717 0 3.942140233202193 0.024861564351216843 0.5536446927285796 0.37894835537315874 0.993691010352171 0.5624058106113299 0.9993059374308955 0.825344260264224 0.5212591470346113 0.9835129877659727 0.6011692400466493 0.8517900322832719 0.9011938352555683 0.23460728988290475
97 1067 0.08440646090956667 0 3.408537529004135 0.19665979479302031 0.4489375088997499 0.33056651631950956 0.9803903473070326 0.45907774099876364 0.9931535718543313 0.8122069072743132 0.442422468614843 0.9713641801353567 0.4763286864548446 0.8714127736474555 0.9820337367209323 0.24001597471830904
98 1078 0.08424755536804998 0 3.955418534778402 0.07885535757194362 0.5046700978379015 0.44039087708421354 0.9899727050733192 0.44501954725800247 0.9683910400579491 0.7931848818074758 0.38515638504783845 0.8906006468149128 0.53212635384536 0.8479098214323801 0.916399744102048 0.2950428998571335
99 1089 0.08209085902017367 0 3.6562994759419345 0.0005818722071921723 0.5317254146165467 0.3355634972306822 0.9918630999275286 0.36814257632662295 0.9911227707179244 0.8526819443246099 0.44128023879842715 0.9748825102507567 0.5433011881599703 0.8330769598977719 0.9432736446761224 0.1919275197884442
100 1100 0.08071654799648408 0 4.129259803940574 0.0777627414566 0.433110558658484 0.4037825038075103 0.9987278513479061 0.47790900450291496 0.9330986321625021 0.7683873724211574 0.4877895744275539 0.9694396298175981 0.6015744962819798 0.8169636120890025 0.9607375735550244 0.2189368669089939
101 1111 0.08075767539702766 0 3.3199112080752267 0.09364325029683052 0.43152063353013237 0.31728574198678555 0.9983236685120819 0.38699235993771264 0.9595782328806051 0.803315614137688 0.5087605050553081 0.964211775197366 0.5627027931742683 0.8613007929254992 0.9593389706804029 0.28914566402438285
102 1122 0.08156030749280392 0 3.56523497738385 0.08933255024588149 0.4525749674251893 0.3865458617487134 0.998726702894286 0.4584337635362224 0.9475470895266 0.8370989908816444 0.5233779314307943 0.9900331717473025 0.6341564073325867 0.8308574356145095 0.9619187330402449 0.3983842954509632
103 1133 0.08677821530769313 0 3.30120898228139 0.2322770666973999 0.227317050262051 0.3004619195363524 0.9868651630505573 0.3255919749661083 0.8909631579554589 0.9538480547738252 0.5568354996691449 0.9169777073926626 0.6116072235444576 0.7509907871656567 0.9951558881836873 0.3007831006368026
104 1144 0.09232966086988303 0 3.037612456231502 0.20007338600364388 0.3061364511304768 0.32819965945278745 0.9996298643743713 0.26415374954958154 0.8267095935069413 0.7851141024227819 0.5184403016055612 0.9646406416575466 0.6597059489794064 0.7304325839169661 0.988698858460825 0.39506388894909805
105 1155 0.09578639902742188 0 2.7090816955740107 0.12079505215801101 0.21328674577891094 0.3036245869183404 0.9966227704244642 0.16513649717301032 0.8540730442378515 0.9076154319845068 0.5092037124155897 0.997364376226416 0.6282281615109166 0.7612709575384016 0.9978597728049202 0.34852461157962095
106 1166 0.09713717580075741 0 3.048867843397109 0.27001356549299693 0.3305439221918714 0.32005434387941956 0.9993445278158823 0.31354638629501563 0.8378950546735886 0.7240073986524218 0.4518464298461242 0.9986818080352559 0.578045039914534 0.8268341161045323 0.9529221909160875 0.36500239859394695
107 1177 0.09744918533435681 0 2.5084908045844165 0.22983672226756013 0.22221614523661715 0.26900048824084877 0.9975999356643247 0.21647470366450633 0.7920702662874191 0.8039473398507537 0.4526539738693326 0.9994585605009076 0.5655207503621813 0.8066526270944074 0.9997494457647425 0.2865208173706289
108 1188 0.09529875919429519 0 2.5131640048972064 0.1819361026173807 0.2633068760693758 0.314458983378067 0.9980622712565463 0.30929024354515927 0.9061384647556192 0.978969449077494 0.4094564942354805 0.9977247568826637 0.44598346886745077 0.8170953313196818 0.9892677365718239 0.23993421043271812
109 1199 0.08535627747894571 0 2.8884333155643227 0.276397718399636 0.21395462069401144 0.3513286360458001 0.9945998061346283 0.30517451110417915 0.8800644400938122 0.8641297582110772 0.5347972148350719 0.9232238373335716 0.6247595626549789 0.7104898135955522 0.9893973189818344 0.3911678734444952
110 1210 0.08368752670008799 0 3.012319311765521 0.2233309260062235 0.17947203826191005 0.3488016191473811 0.9791102525824162 0.42128397900533504 0.8409820353775816 0.9447076748233187 0.39839832619428434 0.9960975816202612 0.5493600675536359 0.8063081487132577 0.973022859057262 0.24558239744126908
111 1221 0.07936961270609737 0 2.8000017956670216 0.2851665388025326 0.3548204184501188 0.2908744694019767 0.9955378188579007 0.4469469860321002 0.863482681652183 0.8216334887993892 0.36943283295998636 0.9999443274571451 0.46673554383550586 0.8000120146792744 0.9723346460053152 0.23766622446350338
112 1232 0.08075300631201313 0 1.8378933097519283 0.03242414531489405 0.29581494160116906 0.30741518296179765 0.9675606752266855 0.3691230337224959 0.7899873501580124 0.9460701586871568 0.3740477265110316 0.9994557363479168 0.44048762822428855 0.793948255568903 0.9999836154837988 0.24619108189705496
113 1243 0.07922973074920088 0 2.3224189289612647 0.12574182039698734 0.20292680931498708 0.2872099956695561 0.995383739865347 0.3133712824322721 0.7031608353898899 0.8333596445532994 0.32690346566223133 0.9996352831552406 0.49105530735501923 0.8105311712760523 0.999291157401126 0.20378512767465617
114 1254 0.0791177817445527 0 2.7768322541085864 0.07656104092633076 0.26091773495908754 0.304767897992764 0.9965182165753934 0.2538479533786714 0.7119842750076664 0.8689816430887471 0.305170933468637 0.9959044145702797 0.4377066387329632 0.7968116470493622 0.9982110587956693 0.23790071673628826
115 1265 0.07654789866422855 0 1.8127788784345171 0.10306445993620406 0.17516344712544124 0.28834987691239333 0.9899757563005599 0.2906706017766112 0.7247017901793102 0.8970141844456867 0.3447674235269706 0.96196596589105 0.4885519034677399 0.7726631836057374 0.9993885994643027 0.3081882397869428
116 1276 0.07338468742283126 0 2.004777948044492 0.04895037543193381 0.22457454774605745 0.31803808488241625 0.9743775529139208 0.2688647836644893 0.746280499994489 0.9024481924334457 0.31259298821654424 0.9690205482625386 0.4758906024646459 0.76491067185204 0.9928974512026414 0.35275664469899426
117 1287 0.07282688192559622 0 2.0294072210728693 0.20351612521808093 0.3908418879599027 0.32994265044993126 0.9664576106827096 0.23007013698018147 0.8349466536199435 0.9161434397222048 0.33614082690161656 0.9805029669861999 0.46215616089276534 0.7797369704825223 0.9946789949048979 0.3056833491118617
118 1298 0.06925850725872505 0 1.9156518563017044 0.00819703305035521 0.2559155985386642 0.3041770351702706 0.9904083682617735 0.2952900390669669 0.7035117900227859 0.8360028421892773 0.3592943312811666 0.9823234918966233 0.48422638862255263 0.7530134719046644 0.9897473996618177 0.3122795495440293
119 1309 0.06906836779997284 0 2.7165785040053727 0.03148606096919866 0.22514231896124037 0.3242681684077106 0.9688337723486076 0.26601762507201815 0.8440084459183208 0.9396162703022064 0.3330583437904494 0.9936925129100943 0.446575710622105 0.7600803378098753 0.8775597048556483 0.3677613015283703
120 1320 0.06662057025963256 0 2.349015875310142 0.03637449174303779 0.2720088968544471 0.2861743734105072 0.988033313938639 0.262746710670889 0.7714733724126217 0.8274363334562735 0.42897230319008983 0.9831862729055878 0.5093134251943701 0.7538553206006837 0.9671708517872901 0.375076829206108
121 1331 0.0660865075831362 0 2.093988959268561 0.0011003525205562803 0.26649407412134896 0.30023433896387 0.9937033924164415 0.2203385088690925 0.801035534970568 0.8080984911885862 0.4688378685075101 0.9643808200116673 0.5360261524972267 0.7523655278878014 0.9175769550433404 0.38844971747303714
122 1342 0.06768944258264732 0 1.9578348058966388 0.09263254375774832 0.31163184978330943 0.3303101981544421 0.9613366835634657 0.16255145939355192 0.8315333876783921 0.8924926005539031 0.42621971715528495 0.932169078580413 0.541194003454033 0.7544656928727265 0.9917220481823911 0.41559244293428166
123 1353 0.06670380566632432 0 2.936894767289485 0.0023087818291846075 0.1916520538807378 0.3532629442143185 0.968113196076383 0.2442493036401518 0.8377937722003579 0.8524269763077688 0.4086715096782886 0.889462098056869 0.5452417308563398 0.7919588518506928 0.9724889862215377 0.44296836818946383
124 1364 0.0680187272928893 0 2.4377867445182546 0.07996247766452447 0.12252285503291072 0.31713099019362706 0.9964770401493808 0.2511497108419776 0.8054893453213907 0.8617296433384187 0.3979101460060458 0.8972107196869232 0.5581108156621124 0.7779750830572632 0.8897175985305155 0.45546794281145175
125 1375 0.06497190704691785 0 2.6482239438997985 0.020075876287307635 0.20687689219530792 0.2756030108310604 0.9987929171775892 0.10284453634602736 0.696627741328314 0.8600351106869859 0.3812798426764166 0.9367773797122083 0.5513226349491342 0.7680695033268989 0.9440396246035998 0.35767441426999785
126 1386 0.06605408431385439 0 2.336624604026614 0.25068338058714357 0.08846248697895145 0.2828622956111793 0.9989042419234127 0.16344544458642912 0.8011530881961226 0.8201643329107755 0.4284029231469082 0.9144969401729994 0.6184319178975313 0.8487023081379699 0.9520253278200264 0.319513410066274
127 1397 0.06612377448710716 0 2.498997240896904 0.13182890464110653 0.1771950674433782 0.3116986356182684 0.999999756710616 0.13903957404284056 0.7846229507027238 0.8705192601837499 0.41129457402777414 0.9686344100266934 0.5479748513145644 0.8271880091791113 0.8919864303433269 0.3030567910945665
128 1408 0.0659091012951443 0 2.066915000075431 0.3207134488148915 0.17129710961634198 0.3161080508514365 0.9986161922328954 0.20624444675132073 0.7306402220110246 0.8601883609101539 0.4035709660378587 0.9683457909557519 0.6395683333357916 0.7935313304736731 0.8321553335662202 0.38496171532755724
129 1419 0.06489864956985604 0 2.5945450244258845 0.3584474789417338 0.21715763833993218 0.34240807490830355 0.9994592875794969 0.21467389621228536 0.7480728172159463 0.8107879210358222 0.36961513770832843 0.9861613569245425 0.609278626415072 0.8525683855426378 0.8226401135002992 0.3841976456956619
130 1430 0.0669950024946606 0 1.8385634260260377 0.2880268675114581 0.2093906132115903 0.31726253252789777 0.9871528751187405 0.17094970511430319 0.7478870331352339 0.8416959207142325 0.3585332294259948 0.9984255252509194 0.6024044890352287 0.8206029808331903 0.8090446140486773 0.3227675542880532
131 1441 0.06545677573135826 0 1.7410746403742714 0.31238100396283386 0.2011714907613587 0.31793457584964063 0.9941815175875572 0.22048790907287655 0.7753606022580688 0.9202689126748123 0.3835365333557767 0.9879428550371884 0.5752539065176547 0.7873754287464929 0.8411646959394026 0.3043789677999804
132 1452 0.061864818867119406 0 2.5446558256955467 0.1875991530236485 0.16349009729464642 0.2814107617749779 0.9998381465425137 0.2535520717781446 0.7534018824429853 0.8593933572553594 0.4408960618084089 0.9853192869133879 0.5656946013062158 0.7946266919455847 0.8846765855113019 0.2773296329192211
133 1463 0.060266629852831786 0 2.5811613428896463 0.2633502298541055 0.13724049097019803 0.352999621697039 0.9999580283534717 0.3075969744951641 0.8219365366318778 0.8611565839823148 0.4465639207628753 0.9546489428555341 0.6148272673239485 0.8436354722156278 0.8855164674236624 0.33971507337419515
134 1474 0.0584644424301487 0 2.018323529674074 0.25367808900394095 0.2482768132033309 0.3107780136563311 0.999036735638955 0.2841655926484141 0.8213053000457728 0.8447893832080049 0.45828855423305737 0.9978413879940337 0.5681360635143149 0.8018580211318909 0.9334967890058699 0.3109781393398141
135 1485 0.055272829882442726 0 1.9183941625799577 0.3839351255380694 0.1988295667581229 0.34642407615425325 0.9881661087494135 0.22608350971221802 0.8086106368761485 0.8082287155817347 0.4395642356668208 0.9918457094715345 0.6195966434855462 0.846292666551784 0.820830664220122 0.2674912469839741
136 1496 0.05357052084490501 0 2.01892607329428 0.43154917442737006 0.21355403740526113 0.34135234974994516 0.9990935584941328 0.27950575897825886 0.7185092575797651 0.7689362839329392 0.41120771781994614 0.9980897214758283 0.6037853426296809 0.8576534540977017 0.8568302567034514 0.32162059007702026
137 1507 0.0515225253976562 0 2.1631553816454834 0.3012494751287058 0.23862364465269392 0.31937668235819566 0.9974214397438398 0.21211076127690093 0.730261471002261 0.7425448362141083 0.4119323171826642 0.9990539760591496 0.6058169940010807 0.8235171792923777 0.8296814355415103 0.31743066710085754
138 1518 0.04916410729740239 0 2.20731244343259 0.3702025320021396 0.24163729284884888 0.33790647780479277 0.9999014122819289 0.2595980265295413 0.7691077071350572 0.7505271481267564 0.43179456185733267 0.992213107794171 0.5962692402868006 0.841935838265935 0.8333675572561448 0.36049570115027163
139 1529 0.04461260453335939 0 2.0250853187757745 0.4112680106312485 0.22254761815734264 0.33052387074321726 0.9999336801162647 0.2762040442010727 0.7561790734059013 0.7655455478432509 0.41533094054772157 0.9883835048615981 0.5952147173910409 0.82606568212367 0.8209197446769756 0.35762197839685783
140 1540 0.041511899835551654 0 2.1058813786873594 0.1273560144563466 0.28695185410804647 0.30903654065723335 0.9992964654065347 0.255147936744984 0.7492182162035863 0.7615149917048898 0.42427921493834775 0.9994497678777552 0.5647040277918227 0.8040484151277831 0.8346942979386127 0.32777129395945415
141 1551 0.038394450366192656 0 2.1307143936321666 0.29243241534426545 0.21786712547540832 0.3075963736191212 0.9999993269569998 0.31206535491742243 0.7798974875800406 0.7970803391526937 0.4564719471455636 0.9998474947593138 0.5822525634535161 0.8223820350784601 0.8817243258883996 0.290560307625216
142 1562 0.03636756048149296 0 1.8387768235693853 0.2011672503866806 0.17905673243265718 0.3077821656781437 0.9987899183088284 0.21526852346833175 0.7647743987555535 0.7883586560044957 0.42589308807392234 0.9991585407380347 0.6228348793897778 0.8157029464520058 0.8660614348729774 0.29210687789210393
143 1573 0.036490888536919716 0 1.7901321782959585 0.11421309855463857 0.19173144888069799 0.29009584298302604 0.999493089513442 0.25391900064136413 0.7725325227460613 0.7838715438266362 0.40562777932105243 0.998784690490427 0.5590222031720424 0.8011124824727267 0.8688594374259622 0.2774107086834267
144 1584 0.038951448937336555 0 1.5463417818280558 0.05156061178235438 0.19380592928512924 0.27584729097164995 0.9986874319061626 0.19762385000587568 0.7564608735256109 0.752550540349403 0.41170071920252516 0.9996829121349549 0.5478179054431949 0.8317207944111944 0.9262717239861817 0.2877320725556543
145 1595 0.04134290137518737 0 2.047009974128511 0.06559354052184574 0.1984792056629311 0.2569207657796879 0.9998998133788003 0.17699713480838392 0.7577143883541104 0.7534897287338296 0.4464218063151042 0.9990185105262862 0.5900040924184173 0.8071986911536437 0.9386624190275221 0.2832364047364335
146 1606 0.039753895417349604 0 2.018996656402293 0.1538058101540276 0.18802173142750267 0.28621030780815115 0.9973020836152734 0.28290240956789153 0.7608207293771763 0.717289652085191 0.4302194873257448 0.9999781336827644 0.5630364124376126 0.8301441461492836 0.8758174374596037 0.30599372968450234
147 1617 0.04233791252865174 0 1.8394651303843519 0.04142989645123379 0.17091734633041572 0.2840677486074952 0.9999969336792203 0.2233917377118177 0.7284095778804902 0.7369721254353137 0.40613723610172314 0.9897241830813429 0.548855341010392 0.7996273273360563 0.9221699012875453 0.28484520438635935
148 1628 0.044593511020734465 0 1.7520502869952983 0.01112811856152562 0.19198435449802187 0.30346821431970344 0.9968010127241902 0.22721781492101933 0.7277211585744745 0.7504444025026016 0.35127467964073505 0.9957506409070922 0.5176313789184477 0.8450644338051014 0.8822735503456998 0.29072441673916166
149 1639 0.044823852602150834 0 2.000823459280539 0.004109347441742257 0.19643056059268266 0.3096107723128425 0.9991225378634071 0.26862719757606374 0.7267129572692153 0.79866518380143 0.39773751983819783 0.995389983369656 0.530771818477372 0.8076818523767282 0.876296345491097 0.3026140908932614
150 1650 0.04632705889336781 0 1.8608245230196858 0.059697799043340355 0.19749977063350438 0.2852765727196159 0.9998518992599006 0.287011899959414 0.7088745288086906 0.75002290731828 0.34524147188919907 0.9985646732298801 0.48102145796910123 0.829089165635758 0.8946916123226387 0.32093005526681395
151 1661 0.04381517715637426 0 1.8984812378156333 0.0014079360127891962 0.23286655662289596 0.3089715295826254 0.9996334766250358 0.26265624270426674 0.7081940607131405 0.7410738145532298 0.375700829494268 0.9999343666559548 0.5431123045870858 0.8248862375246337 0.9330802292345797 0.3477468327084582
152 1672 0.04164726044148592 0 2.3272556329272573 0.08559450936787494 0.2591334389885767 0.3254426214475943 0.9979497690727108 0.27662130335388185 0.7286546625097121 0.7890839061780885 0.3665239555077673 0.9999223763110694 0.5391237740727706 0.818475105900506 0.8330230875763918 0.2523824492371175
153 1683 0.039750656804737716 0 2.334315746737504 0.10773155262052736 0.24216814092584893 0.3166894963730556 0.999684989951526 0.27549605290397444 0.7225413893872934 0.7644204049923973 0.37946738283304166 0.9999906457617731 0.5619740193857665 0.8259878590168503 0.8035363641163245 0.28951127460655846
154 1694 0.03725944188186709 0 2.1405470787171357 0.01746576222496277 0.21559220627361153 0.30038866407260173 0.9996835115903308 0.23556528808515786 0.722026311999385 0.7332392288601879 0.32643397378450123 0.999186193895323 0.5098066516787316 0.8473647680512608 0.8573897535204709 0.2876916408451875
155 1705 0.03642102654469209 0 2.0293591734412324 0.02334271827063615 0.24611723505479854 0.31143001844535023 0.9996560633925948 0.26772317328795947 0.7091032618215134 0.743958895339665 0.333035172303558 0.9965026190410747 0.48910184787985056 0.8157722520025894 0.8164206546383856 0.2972426010041534
156 1716 0.032962757317398436 0 1.9976740518741638 0.028401027212380855 0.2255756888334451 0.29081807030018075 0.9997621107456195 0.24123066449218403 0.7252077501426222 0.7649880336286792 0.3553129201536447 0.9995541970260662 0.5189520475473384 0.8119530669784287 0.9033782748680849 0.2956098332464507
157 1727 0.030071651231463374 0 2.3413793881431793 0.0571018711072675 0.2114934455253652 0.30289054482129824 0.9998042274281416 0.2563148712934802 0.7258610139445192 0.7699325788010016 0.3532382385054814 0.9978941454087029 0.5275093971989349 0.8225620764101571 0.8346345075640555 0.29014691202500903
158 1738 0.030818822691024986 0 1.9188383768470503 0.006914320005152352 0.25131001569785144 0.30280412532268247 0.9999522844368641 0.2352819120980655 0.7304701790878891 0.7734398000943108 0.3451466055621641 0.9974604851821607 0.48564830973346274 0.8069694826008733 0.8070611682130062 0.25424834206589336
159 1749 0.03109390518247633 0 1.8438456850225984 0.011119605301234127 0.24751613791250426 0.30515153598578165 0.9985397448091441 0.24520733337019815 0.7573747857326192 0.7540155334891072 0.3747574075192782 0.9999733648826802 0.5156636320262982 0.8063745424097806 0.849572561623543 0.30274065848892
160 1760 0.030830356508432966 0 1.8128727809483312 0.004681889995738408 0.2636308021622071 0.30621574485136466 0.9999992716465961 0.24650228585108208 0.7346649004012411 0.7483115138012915 0.369125409565475 0.9922875622373606 0.5091638021627896 0.7954316162552633 0.8727450978497426 0.26136164877576185
161 1771 0.031032962723163995 0 1.873018358601451 0.03824999627611512 0.2759956717603148 0.3031113490841549 0.9990812221256322 0.24099807253587452 0.7558483692292917 0.788503908454558 0.38604829547140956 0.9999203810629949 0.5308165561860507 0.7858782649311793 0.8700454820177215 0.2608698643659209
162 1782 0.03149843494089145 0 1.8774006528842382 0.00907024162010833 0.2775273135803432 0.31129848808984983 0.9968433627400795 0.23040244601023707 0.752168170508462 0.7941768863022458 0.344637264747072 0.998306146684533 0.49589017184430273 0.7798567073586249 0.8511529716742436 0.2559517957589369
163 1793 0.032562368452423295 0 1.731925818294566 0.00024362899412436816 0.30057503231524263 0.30604461453134874 0.9973588490536381 0.239640314100139 0.762720710826363 0.7400190568645639 0.3537214561709213 0.9998499191968141 0.469319288817978 0.7822969530592647 0.8887810124587165 0.24898242970553797
164 1804 0.03275816669554891 0 1.767624803067339 0.010129099526394566 0.28854525880611165 0.3024153543615541 0.997248634525862 0.25250531646667607 0.7484997765430261 0.7988389966057012 0.3068779497995844 0.9996009335073868 0.4615428837077826 0.7694775214806593 0.8951597113473504 0.230800468237693
165 1815 0.03398228755639608 0 1.6439133945776323 0.012553948723652078 0.2441529340279286 0.28977024026366005 0.99742662284416 0.2124056653733345 0.7875874189751266 0.7998331878317761 0.37784752332637955 0.9993384917858349 0.5065696299668518 0.7969545638932718 0.88443561754455 0.22930116419339375
166 1826 0.03181531361992582 0 1.7100037948565456 0.007964082491285452 0.2965641503758042 0.3027495887235437 0.9988745398992896 0.23154360940866067 0.7870078675761558 0.7865093736451974 0.34655524932109383 0.9999993952741626 0.4787162013286661 0.7797566450822413 0.8412415921698595 0.20939896495499583
167 1837 0.030337681932136953 0 1.8231248252041168 0.11166435077420778 0.3203930624049204 0.28344406019435486 0.9964751402694384 0.1927216838491132 0.7880764996111138 0.7996499968347828 0.35882400150817795 0.9963960709661615 0.47830388551410286 0.7561446527351043 0.8740841481458377 0.2250045085379186
168 1848 0.029033206031443777 0 1.821870205514003 0.026792996666052 0.2768423921861538 0.29088389472953086 0.9986989010756904 0.24129776432908 0.7945003861537443 0.8038181852451101 0.3372869249294399 0.9987733792153686 0.4623642901305842 0.7799873049423343 0.8627285140467564 0.22761017023697577
169 1859 0.028520476488074348 0 1.8258323976562814 0.09351385393248413 0.31174175339601584 0.31565017128168843 0.9928887171602511 0.21964939399353497 0.7697681423795306 0.7874394978838715 0.34162340295273 0.9995033958236326 0.44747801179502844 0.7561504058837647 0.8643414748704368 0.25218247855487885
170 1870 0.030020556179336126 0 5.967266572657927 0.15064582776178048 0.32898779772348535 0.29468594469379494 0.9900056123559112 0.22567942730115137 0.8215746370655619 0.7929849774102213 0.3386590589208462 0.9992208149684192 0.45119250082788653 0.747458113976341 0.9002586365468512 0.22535134641492738
171 1881 0.030179225073366414 0 2.2164367156899623 0.12147868071639867 0.3018164383602246 0.28779992950578437 0.995268657661598 0.1973116205017519 0.7887491759879321 0.7695121283605606 0.32405633367497616 0.9999042065753275 0.4387792314460618 0.7752591130891706 0.9072043194228316 0.2194430109865128
172 1892 0.02862940795168032 0 2.555304327489809 0.1081103888370959 0.28798716054229406 0.296426571965397 0.9944136696698308 0.23702678510314032 0.7767251936792874 0.7736714683140289 0.3238581844497492 0.9999796890543513 0.42802163415264294 0.7631796735649177 0.9261438011927363 0.21521624391243732
173 1903 0.027377883140504145 0 2.063647741786216 0.08686312521708406 0.2960714989142441 0.302007263858479 0.9972911213119349 0.2442182692396018 0.8033933445741372 0.7639121866181606 0.32273292248935354 0.996767435416374 0.43517853178842014 0.7872305992049926 0.9004975950338008 0.19999077998708503
174 1914 0.028728317789267384 0 1.7235762314657674 0.11698751196991852 0.31858419128412974 0.2742776426542353 0.9958186884245394 0.22099086229661413 0.8209171751893942 0.7715239382241541 0.3159128426920787 0.9894893004062374 0.40036011256078197 0.7842293476180295 0.8974603465199626 0.2066733667186259
175 1925 0.03065180051111578 0 1.722020762050131 0.07817818969963286 0.25719343274642414 0.2666761269480751 0.9925337978422869 0.19297054486052248 0.8121420452661403 0.7766435762476174 0.3154432401353439 0.9906849204482358 0.40046538007424093 0.7709946223717985 0.9533146692744519 0.17538129616381576
176 1936 0.03088517601947748 0 1.672766385220549 0.0016013959055798527 0.29005503980652286 0.2939697329640609 0.9976190035731018 0.23699053359953276 0.7785614823429932 0.7834611130031501 0.3189965140036709 0.9947691234257865 0.40886658529918385 0.7731629815291086 0.9160789377023335 0.1915823683949181
177 1947 0.03262190294429596 0 1.533647853604123 0.026759516729724677 0.24488245656539948 0.27803780855070875 0.9934806870871781 0.22557229403576903 0.8360159446855984 0.786752528858023 0.3318236751377411 0.9849780739792992 0.4076896409176983 0.7849765224124814 0.9559418480547959 0.17000519407945858
178 1958 0.032810956793666905 0 1.679144738155421 0.04543942122186168 0.2871243698333876 0.27394775911638464 0.9962478508878652 0.2166477620879342 0.8068524168875999 0.778638940906587 0.3058426425472423 0.9920257383226386 0.3797164154252036 0.7751588414400854 0.9618587366844773 0.16764787703107858
179 1969 0.029889583455673694 0 1.510198761094822 0.030883836734765795 0.24159933106319997 0.2786133855509122 0.9993935692601492 0.1987801013408631 0.8151878051129067 0.7731021985118975 0.3280515096010297 0.9988384317748943 0.43198910355417197 0.7967448759750735 0.9153093910611445 0.1735843896031245
180 1980 0.027239087807354335 0 1.5717057301834387 0.06991651636090176 0.2762733486676286 0.2728374651177853 0.9950483955166373 0.20982836934945537 0.8236750933247674 0.7787896813135309 0.30419073270749797 0.9989615397445363 0.39560054455610205 0.7828063510975127 0.9500408389139008 0.1710438995013463
181 1991 0.025556340668384036 0 1.564776593844663 0.048099004686195185 0.30985680531047977 0.2806152664374407 0.993851046836861 0.2351522863707106 0.8350562575241922 0.7804741354241727 0.33513838764835185 0.996815880041007 0.4174062648914406 0.7789796617211855 0.9298278586241132 0.18335310675591682
182 2002 0.024310175658105147 0 1.6013102398915187 0.02421330989352117 0.2998904997217362 0.28049451537727754 0.995171935607009 0.219482594053538 0.8335986874905377 0.7646986575316019 0.3171882712289203 0.9933350076929793 0.4005449954617041 0.7822014706159992 0.9515534259340315 0.15127987672218352
183 2013 0.024359963308766094 0 1.5862193660392958 0.039944210681535766 0.29643313070371585 0.28299461347150806 0.9916953953882857 0.2250327816659831 0.8164649401763879 0.7664909566400657 0.2983903342818548 0.9948535524116778 0.3845269865783557 0.7896424244895142 0.9538813365163674 0.17055503920002946
184 2024 0.02360408303771779 0 1.6545747275181677 0.060672756103941156 0.29710728171439327 0.2774298612748338 0.9901461628261247 0.22492054666149405 0.8361392829312742 0.7585786892253503 0.29122606719226185 0.9897077080170396 0.37425855599387436 0.7920481468993705 0.9492994179744048 0.16784044787748836
185 2035 0.02245464628885031 0 1.5770253425424645 0.06403545548029496 0.2904154730397381 0.27282273317764844 0.9966185392822134 0.21991110903913316 0.8236875790573719 0.7687744521900579 0.28986977648945417 0.9968548774932888 0.3824424571945745 0.7886603735217697 0.9483469156376396 0.1561197424457052
186 2046 0.02022419172512255 0 1.577865124470999 0.06726072139489778 0.31803093690764944 0.2749217622766632 0.9942457885292147 0.24067853009125295 0.8342977693845373 0.7656168051988967 0.3053337036462281 0.9900153203421808 0.37966880065787423 0.7878868510459331 0.954951799719401 0.1501149966048908
187 2057 0.01926250416469713 0 1.5949937799269434 0.07436682650315127 0.30357027406706855 0.2773709686548884 0.9952815723221176 0.22980113203126404 0.8542977124397737 0.783668950842515 0.2816145143942933 0.9892930795621308 0.35367057125179324 0.7954601817133138 0.9507568807072514 0.131002536100713
188 2068 0.017993311355077618 0 1.6183810790285986 0.10116563887710461 0.294230331019176 0.2754072517963486 0.9953267283089489 0.2398706054108194 0.8460008709781655 0.7816769445181189 0.31897493397177 0.9950207198568999 0.38927565811184384 0.775702579387231 0.965427877389461 0.14815804919635248
189 2079 0.017295833616787024 0 1.5686532563931936 0.07330653025824638 0.3069134312425477 0.2774203771313044 0.9955312090927158 0.2368925958679658 0.8329974795745974 0.7688818507089532 0.31951748616616227 0.9873656303335745 0.39676498471620925 0.768679064091417 0.953247477395662 0.15250134597772863
190 2090 0.017671037705045793 0 1.5891436515743878 0.09679166631917513 0.29489834540699955 0.2765633233315237 0.9950313134015354 0.25204308583518503 0.833129598466575 0.7684225338978263 0.3216761530876204 0.9937722363817665 0.39594875378166206 0.7775965423973576 0.9532224149631772 0.16173269565707865
191 2101 0.01886348748078256 0 1.637661840276441 0.14340478241912236 0.314358612368981 0.2831686828417537 0.9950507496812938 0.2559230499415494 0.840444376223545 0.7788072284040282 0.3082670503182202 0.9950838070412699 0.38398468857691015 0.7787233353885654 0.9631036356076008 0.13757417371702405
192 2112 0.019976430454926114 0 1.6153506315271322 0.11542085861922502 0.2972825377948839 0.27938375678535576 0.9970129961820552 0.26780181257708163 0.8596462529501674 0.7690977456311867 0.3302621045315207 0.997056818090733 0.3962992604381531 0.7893685650071305 0.9647171120735213 0.1403701525644002
193 2123 0.02033781180092117 0 1.5240213542064973 0.07039296244801116 0.3105230792085438 0.27580933423585147 0.9961636296787695 0.24839764526949598 0.8706645474250683 0.7738621500188609 0.33939146084787036 0.990990511748506 0.4087493775700385 0.7867138850153186 0.9600184625810833 0.12537834381554458
194 2134 0.019478894719333922 0 1.6033516616949466 0.13748779515896337 0.3232006922315955 0.2759213372195089 0.9934204880279468 0.24273879373338195 0.8570531895422424 0.7819704499983529 0.30902211186808365 0.9918117264306658 0.3758472269655545 0.7772803391687724 0.9716118301950688 0.14100282790336613
195 2145 0.019748551475827048 0 1.5764317307086964 0.15453897440900655 0.35230181123292714 0.28322349044925704 0.9911872803746584 0.25716075195723287 0.8689011330904148 0.767085202946447 0.3185457306686309 0.9889879267496807 0.3753504702316247 0.7796969743980235 0.9789423352879505 0.1263631844285684
196 2156 0.01839177736558122 0 1.5726696723879008 0.08689732235499481 0.3161016478154171 0.2833595827321149 0.9950464484347792 0.25311555052628326 0.8457474760818005 0.7643555102504151 0.3313096041127456 0.9961483582241646 0.4044751435505233 0.7787538946537103 0.9488374048186955 0.17303790673531283
197 2167 0.017549421896132143 0 1.6002796000457329 0.11323166479875868 0.3404385542694312 0.2837726982139438 0.9932146206101492 0.2534676689859857 0.8502200749227804 0.7636363595055422 0.3405924927182652 0.9945024715476101 0.40205493712353857 0.7679138594813706 0.9714776311831949 0.15891090037081584
198 2178 0.016390321793438162 0 1.5263463761630238 0.08731817808711118 0.3198039709304319 0.2732152115317457 0.9954344682291746 0.2334905404118528 0.8627758688116891 0.7602138979541444 0.3176978771830546 0.994838830883658 0.3805671733969299 0.786772079218554 0.9692650165972898 0.12793269064256615
199 2189 0.015275285976599317 0 1.5688450853445366 0.058711708586846795 0.3320683581091834 0.2765051694054157 0.9948109903879002 0.25883680237869483 0.8607146962349175 0.7596094849811001 0.32691816463232654 0.9898512099262514 0.38180549843160716 0.7846921166165548 0.9708382196954117 0.1336266700210317
200 2200 0.013579956377803078 0 1.5274809471328468 0.13266131546431315 0.33542114976798026 0.27794908458718853 0.9942010281979082 0.23621828493021693 0.8656065495336636 0.762974747562444 0.313676513720842 0.9934969179731933 0.372629509297817 0.7818641999961173 0.9738739476206061 0.12199534450617303
201 2211 0.012752375592430535 0 1.5384848027696594 0.0773566983752555 0.32559413818807503 0.27962332432118625 0.995180308701252 0.25538847091820016 0.8627643793218789 0.7794941443212788 0.32430342224007397 0.9935069858672 0.38522687666577526 0.7786271115497725 0.9774617663639816 0.11954705264561588
202 2222 0.01251042110112267 0 1.5512497174983881 0.07280185057220398 0.3303362839091749 0.279697088547411 0.9969936696331877 0.2508662841796997 0.870934536371275 0.7629313616937048 0.3309438487754478 0.9938108435214923 0.3887167608303085 0.7819356496508358 0.9744049827539504 0.11763628268109627
203 2233 0.012673803069465616 0 1.5015944456108852 0.06167033920667783 0.3346825163902517 0.28361368041984575 0.9955780502484209 0.2588339774305807 0.8641413507358764 0.7743743920860084 0.3314089600419175 0.9876531026507187 0.395352429631595 0.7851137365037915 0.959530872245595 0.13246022058112694
204 2244 0.012411589344982337 0 1.651729457379798 0.06981593013725104 0.3151196606260426 0.2801495751905448 0.99524942008278 0.24782102547943452 0.8700571086009972 0.7777278579659117 0.3323076517053898 0.9928057163266457 0.39072826494636537 0.7901893920922654 0.9730165249978626 0.12855571030975346
205 2255 0.012957774116442361 0 1.5361559645882499 0.03843203111482253 0.3279035214025253 0.28910947145251203 0.9948835746140158 0.2658880369734909 0.8796591550216886 0.76762642713638 0.3340148950699573 0.9901108517607292 0.3876048318374289 0.792564183652128 0.9742361635485426 0.12377394936947841
206 2266 0.013085838753975933 0 1.5083824141692024 0.047568947419664845 0.31340751915627596 0.2783338600369008 0.9965994839307986 0.25911208851440826 0.8667917264766816 0.7725917443360926 0.32283728341517204 0.9883341949555252 0.3715085669492074 0.7872890598520457 0.9843030260265172 0.11390876037526246
207 2277 0.013721040615511887 0 1.552613808066023 0.020902181337218457 0.3059322294993516 0.2894113076341167 0.9956040020623428 0.26197005814247637 0.8743415374061838 0.7757569705413836 0.34252276013037314 0.9944388755958914 0.40102473945406614 0.7830850732477488 0.9818795691630109 0.12915505572251565
208 2288 0.013349705430944454 0 1.5654544487693471 0.053564946981226574 0.3214325583506881 0.2853106351885702 0.9967074089270466 0.2614833614068214 0.8646014356736913 0.7637181365321628 0.3354199985971957 0.9937488658223013 0.40162189733713116 0.7806364085313144 0.9682759664273767 0.1431519247632091
209 2299 0.01347436760428761 0 1.5219005812572308 0.03669878070222066 0.3215807562871969 0.28597807819441023 0.9968838785737207 0.2657061906130556 0.8666024211736212 0.7589895434101372 0.3432898665123888 0.9879517480056909 0.39592854090505625 0.7826818088506642 0.9837107901649247 0.1365935026186232
210 2310 0.0132842328383376 0 1.6113296307076506 0.06720573714561348 0.32631074878284183 0.2862286147725177 0.995669545796678 0.2557811081648777 0.8523139294991919 0.759650437773427 0.3254198809472584 0.9859607389228444 0.3838262380470233 0.7788874586754764 0.9805016953389544 0.13973425342302323
211 2321 0.013022499925709502 0 1.5802025540179752 0.06441335722926453 0.3252629234217093 0.2845466858691739 0.9940962415694689 0.2582507204716055 0.8705814068554658 0.7732374713103325 0.3190865431674963 0.9846563963665127 0.37135455793861805 0.7811090997164103 0.985474326803782 0.12296123108656079
212 2332 0.012689993103599499 0 1.4931827160402633 0.07430655212136114 0.3124743649213418 0.28392226940635384 0.9943046081732951 0.24765191136613657 0.8645467086009686 0.7738234039177181 0.30904432411491267 0.987027331072221 0.36980499509902154 0.7913856915413231 0.9796515792230469 0.13582131790162427
213 2343 0.011785073234217767 0 1.7407791283194753 0.05654796778102619 0.3192875665409543 0.28302544421919623 0.9953897505908261 0.2607415165766566 0.8690664985529553 0.7683872299086467 0.326460574325967 0.9861856156171465 0.37464973784797795 0.7914550614497304 0.9804284527043535 0.13431951858671165
214 2354 0.01092048744812038 0 2.00001876528804 0.07301271747446733 0.3286660822455526 0.28753235100331825 0.9951248923719209 0.2480569177448307 0.8587138357708477 0.7667475974031561 0.322016721170403 0.9923048373254166 0.3789371633918991 0.7822373444537125 0.9756199854418947 0.13951122152134493
215 2365 0.010254053011031458 0 2.0324218327536925 0.06713539903405294 0.33489686738833463 0.28604155121061764 0.9950001217475959 0.24863283368080508 0.8675824334330744 0.7617756528786961 0.3379923949766711 0.9910827594984718 0.3948579626040364 0.7828350932575048 0.9820236752091336 0.13450694875049768
216 2376 0.010356329197732352 0 1.7744216140172364 0.06204248559766254 0.34947695940885054 0.29069691640387907 0.9954227384223687 0.26269094508430646 0.8658788901196117 0.7596752604631476 0.3286959082335141 0.9859579643632452 0.37287087422331766 0.7818955588295422 0.9819615006434719 0.12755514182349525
217 2387 0.011007387221113246 0 1.5370750113854665 0.0423692015665779 0.3452229904916086 0.2884046074370538 0.9950273295835733 0.2591510278693236 0.8772003442203584 0.7689917039634926 0.33276072881808677 0.9860106790555886 0.37081572255280093 0.7819976722823934 0.9858143141761037 0.12138639897798906
218 2398 0.010773440151477376 0 1.491467631439017 0.0891675990279005 0.3336815538958352 0.28265929591060773 0.9949001250033093 0.24610678853782497 0.870447430750567 0.7672719475253504 0.32547827397720164 0.9887576458063447 0.3714427985119856 0.7826822665585051 0.9828668057099857 0.1275631159636711
219 2409 0.010404299717495173 0 1.5213587637563601 0.05567975725777749 0.3367500989832282 0.2828299216657473 0.9948983632711825 0.25286689235139437 0.8623112031691325 0.7631311326962107 0.327976786692609 0.9850849264265487 0.3721534676314274 0.7797962216233321 0.9802310730847474 0.13167462041763095
220 2420 0.010008713910128891 0 1.4386067637492004 0.06951472888433016 0.34044618476972804 0.28090023245495466 0.9945368692356655 0.24300322419417222 0.8691559784831806 0.7685492952626294 0.32521185443309925 0.9842450275214181 0.36748990583231744 0.7832223374784444 0.9835475493761359 0.11885886783187288
221 2431 0.009915665102881948 0 1.6627463028904177 0.04490028214249987 0.3274575968726256 0.2848028834248753 0.993863701625014 0.25158354565918795 0.8670115253844644 0.7757020610188199 0.33396990714439784 0.9862446142761886 0.3719177294325783 0.7792171074249352 0.989047653713803 0.13850509125351873
222 2442 0.010137026399267614 0 1.4968683520447073 0.06332232363904752 0.3426096685476093 0.2837324088732412 0.9942271484655235 0.24288125632818505 0.8661815079032098 0.7787970034966083 0.3258688329989316 0.9851400257840445 0.3620452208396393 0.7811815652165985 0.9831091638405061 0.11702391310897767
223 2453 0.009864527653469114 0 1.5266002305238828 0.08702741983912088 0.34326246927847043 0.28039435107968574 0.9953879973069905 0.2502115687425546 0.8721216238365535 0.7698241429786914 0.3242184356007624 0.9858315751342042 0.3614327907396583 0.7818807354835775 0.9851745706173469 0.12178406891989021
224 2464 0.009980088970262811 0 1.4855102019226245 0.09267022411866155 0.35056329455833357 0.28101039436577274 0.9937875970795923 0.24259825502423374 0.870236766189475 0.7669670421853574 0.32279109842441656 0.9874138326029201 0.36040104668007233 0.7774427779614796 0.9872917870198074 0.11567765148449205
225 2475 0.010671910314677876 0 1.5171313491022127 0.09610949555903014 0.349355990868102 0.27530799777964604 0.9928498324473011 0.23201126640631203 0.8594149682164471 0.7602733440025178 0.3293043150643081 0.9845838193062544 0.3689283962865505 0.7790487680782752 0.9883155646284953 0.12373810184775111
226 2486 0.011224713767530968 0 1.5367882740815422 0.09912587831856945 0.34371673134138314 0.274526273144642 0.9946446671182162 0.23206701468055704 0.8608288278147522 0.7653566785471289 0.3223961977083935 0.9871209445216292 0.3669592162698171 0.7806712148492381 0.9863774636811752 0.10587455273469604
227 2497 0.01118297922350955 0 1.5169253579759163 0.09664018496534077 0.34354139210070017 0.27435473659320414 0.993494425012292 0.2365215422720059 0.8577906092701859 0.7695161648239204 0.32631083025306595 0.9888084315745649 0.3761254518735545 0.77440847328841 0.9846530073993944 0.11885519161012523
228 2508 0.011658706610612569 0 1.4456517650017982 0.08082350446191866 0.3410774426277141 0.2764711462411886 0.9927723493522856 0.22448173312326544 0.8591692769972414 0.7606919313305345 0.3360348236964523 0.9868618428820547 0.38580630668855254 0.7757165992284469 0.987804594623584 0.1262704802694988
229 2519 0.011893058679785464 0 1.5011161328129305 0.10273005793973156 0.34997713473897035 0.28050343783099785 0.993673627408122 0.21915359804305182 0.8622115660703595 0.7562195110700245 0.32002742152912117 0.9808072890954168 0.37149841864094346 0.7796842015301384 0.985818709581493 0.11363359125604394
230 2530 0.011790572614003661 0 1.4668694909220037 0.10083675266726033 0.3447273178326567 0.2803364844880289 0.9940582368611521 0.2332830432572269 0.8600793103332309 0.7643005157563383 0.32265337886019446 0.9840093085210198 0.37598955479651097 0.7865192233747895 0.9770269357605865 0.1148876868107909
231 2541 0.011082130118754861 0 1.496730805754117 0.08528459819528333 0.35631007853552854 0.27149191958716434 0.9937970392734784 0.2145001388049718 0.8579441899322386 0.7661331606225625 0.3212619832369915 0.9819086935073373 0.3672267733621991 0.7778968647606725 0.9835337511987584 0.1097812858153552
232 2552 0.010851191835457137 0 1.4116976854235408 0.1132545496339935 0.35397621975601845 0.28180754796075425 0.9924005116526134 0.22068366584543203 0.8516182657192657 0.7603109102060184 0.33271468435780677 0.9873178564113468 0.38863994388142575 0.7797993725434575 0.9799935099156843 0.13206777784566248
233 2563 0.011709854682655915 0 1.3931117554049344 0.1260805699469031 0.3492815108295776 0.2798437556121195 0.9935582525245868 0.21907530766365788 0.8501886285009448 0.7560175350997971 0.3322282975818839 0.9849944845402382 0.38535623726178436 0.7823161275779136 0.9807946497992007 0.1245342016002515
234 2574 0.011073474804877706 0 1.4818966687340116 0.1344121873028562 0.3382299956110693 0.27366314497791927 0.9939852150906329 0.21843461990618607 0.8571340379907069 0.7682094721953314 0.323296167013384 0.9859440088556238 0.36815559505255246 0.7802402089827212 0.9840099024436987 0.12006687938256294
235 2585 0.010684376909427832 0 1.5034879988119851 0.09740295803429178 0.32565580814564776 0.2763962382629825 0.9934662564823692 0.22185111739917399 0.8535604616609449 0.7667000546694047 0.32674733280960533 0.9882034262866777 0.37793606181637196 0.7845953144851272 0.9759913565081191 0.1308866959542206
236 2596 0.01057687493531146 0 1.4513857761783078 0.12413615857916727 0.3287420448660423 0.27280333467890905 0.9910195884502768 0.2103331647817859 0.8604251343281024 0.7691713188548273 0.3339577902750269 0.9899435485189991 0.38049350822826666 0.7814257940700007 0.9791249126478336 0.13611394220049036
237 2607 0.010422531198822702 0 1.4501181440983355 0.13499538865978844 0.3373694508060979 0.27187957473589236 0.9920905117798873 0.20766014728550408 0.8590650137560469 0.7675040465200507 0.3372752216757021 0.9905287071691748 0.38577942425445355 0.777976657090637 0.980953916865785 0.12570804902528002
238 2618 0.010143436298173016 0 1.457883064924819 0.11519865268684149 0.33245085534797414 0.27106325199962816 0.9936418948290355 0.20588168144371316 0.8503654134828538 0.7668389653473324 0.33833376098046836 0.9915078939023143 0.395989795061905 0.7775612374182919 0.9761013641637498 0.12707620087146393
239 2629 0.010288889116186082 0 1.4557079814356773 0.11692724893260886 0.338944919077353 0.27188835872082 0.9932507409059084 0.2040700470566972 0.8562221344175296 0.7570224216989148 0.3425754909621315 0.9913581932015306 0.3925731998325238 0.779667192842983 0.9773122821300002 0.12637658290596576
240 2640 0.009705086959195714 0 1.499254382421913 0.1303222639135565 0.3453389377498617 0.2739977051170748 0.9944285049793741 0.2193258918147515 0.8605830559995482 0.7519562393336001 0.3402206069373963 0.9906687195045857 0.3851656167058274 0.7786408616236118 0.9779194461446373 0.12135669152634607
241 2651 0.009424322766351073 0 1.4600270515686806 0.13413576585007025 0.34385450487146474 0.2732635767738732 0.9950364125979417 0.21369972009111723 0.8520400297958639 0.7530896725696996 0.33561265350112357 0.9890352625657917 0.3902943587100448 0.781366408841089 0.972635025433491 0.11776705721743266
242 2662 0.009230924711921992 0 1.4241320944638296 0.14247852515105797 0.3478197452168552 0.27170332593926627 0.9932886033199263 0.20997619672789197 0.8594142258304156 0.7596268874774135 0.3403078173184769 0.9908231248475229 0.38667407357833505 0.7799803666675555 0.9740857413439132 0.11739835724131459
243 2673 0.00887764969827205 0 1.4474315374743016 0.14157585756136204 0.3516740617683866 0.2752342992735038 0.9946562158217662 0.2178332144373266 0.8594678851743431 0.7555041386424481 0.34250555589735915 0.9896144234597294 0.3869507447307118 0.7791897349960761 0.9756034833027872 0.1243343961676604
244 2684 0.008472775534546659 0 1.4205477741053816 0.1469826942292608 0.34873589628107327 0.2769724614535635 0.9936579681066822 0.21317278832082 0.8543686061309779 0.7624770192530568 0.34228844291599875 0.991024848678853 0.39298403673703197 0.7740509975750918 0.9739790082240594 0.12736057266480436
245 2695 0.00815117945793986 0 1.6046731883424699 0.14543508314166298 0.35198704534521286 0.27731138567283503 0.9940572196677943 0.21714704747311084 0.8622976989693394 0.7591358688520384 0.34029696085268774 0.9878233863663686 0.38577143713733186 0.7786652441307966 0.9745173457868821 0.12515725470000927
246 2706 0.008056188107790185 0 1.3953919292816812 0.1430022529813707 0.34805511999326816 0.27639319756891395 0.9936508297836617 0.2161876092845167 0.852772802194109 0.7652148808007642 0.33520620055993333 0.9868021250815749 0.3803193364182925 0.7794067246422436 0.9767554013338842 0.11885443973859589
247 2717 0.008604220294953755 0 1.3663247905997555 0.13548073672404304 0.35325991516773203 0.27983333374094416 0.9948610659597079 0.22210453778191153 0.8563338959285824 0.7609336926599861 0.3280657736873627 0.9878437579740545 0.36981809237940555 0.7788594082865437 0.9777547548093148 0.12138980866280139
248 2728 0.008878879443199978 0 1.447736532228575 0.15072026028846353 0.36028715495355595 0.2769816817719681 0.994857114414906 0.21651552351619033 0.8550511687642925 0.7582410828327497 0.33088928200665285 0.9874031837704196 0.37482733276987 0.7756185396336346 0.9800553269317158 0.10962756693947134
249 2739 0.008658596310885848 0 1.4127441996545818 0.12715404733209923 0.3554592705991602 0.2782409794131967 0.9939286415400166 0.2172802826600233 0.8628070833813741 0.7641221114423811 0.33151231752928717 0.98856361886328 0.37296811543150843 0.774413058604668 0.9791880709817389 0.11068781096113645
250 2750 0.00840582600707491 0 1.4977584883440787 0.16316053162806787 0.3624369881015908 0.2765965234034243 0.9950083315121665 0.2116358554009539 0.8573513183499459 0.7629323009612263 0.3271113681691234 0.9878746362847309 0.37164978799564385 0.7755874939951255 0.9729919510598978 0.10939936393183608
