% # columns="iteration, evaluation, sigma, void, void,  stds==sigma*sqrt(diag(C))", seed=1066300, Fri Mar 29 15:12:20 2019, <python>{}</python>
1 11 0.49257033242754605 0 0 0.49107963139979577 0.4878100112163585 0.4948221473381122 0.5197917810093797 0.4942425293459696 0.49013187462273733 0.49177705617447803 0.5032652399229798 0.48977870329081397 0.48357213070090926 0.4862641371265625 0.4907436487392022 0.4885770179318028
2 22 0.47748321139265637 0 0 0.47367304488438833 0.4813270663051194 0.47955494479385813 0.5003317676016585 0.47936671072969006 0.46802915355784636 0.47234377620037954 0.47645016639912435 0.47981941031187497 0.46588250600904124 0.47952635187099807 0.4778467216004243 0.4647870169683747
3 33 0.449215592807026 0 0 0.44482839829120924 0.45428741310255366 0.4441418447165526 0.47014068603365683 0.4500224844238562 0.43972558566561376 0.44297984274854785 0.44745509388547805 0.4439682709416365 0.43644680243528183 0.45094630786120016 0.4459959416137952 0.4327661313864792
4 44 0.4285988560228596 0 0 0.4230828783362932 0.4314063594881831 0.42257390220767443 0.4436778007709391 0.4223790179585111 0.4060181201790454 0.4292653121808213 0.43409290747958096 0.4219660588732518 0.4133814417753137 0.42948122678112244 0.4167326069729599 0.4114393446779609
5 55 0.39673399057894787 0 0 0.3945527245388475 0.3940562755970935 0.38122460484177695 0.40291521656370194 0.3908466019220868 0.377583960225602 0.39685794654421175 0.4035066641329124 0.3814694360069941 0.3824403405483675 0.39821110928982173 0.38279487449410654 0.37696169638584953
6 66 0.41250815633044247 0 0 0.41282644376279576 0.4127768987067175 0.3935641302633987 0.4114964459461593 0.40360337330568336 0.38917482164102524 0.4185370384808406 0.4201995928431429 0.39947651326947176 0.4046439222882461 0.4213714122690565 0.40191941389866925 0.39112930326991985
7 77 0.424572913290118 0 0 0.4233723047783695 0.4214850584836803 0.39994542758169443 0.42151793776798085 0.41476927993154494 0.39890469565233866 0.42911467564628253 0.4303011397333556 0.4327402621230915 0.4130357276989003 0.4301260778783215 0.4086413151908184 0.40885718692555467
8 88 0.40829211560191564 0 0 0.4038848944396411 0.4052434792992238 0.3862838319978915 0.4079283740552491 0.39586430816641965 0.3830233240077157 0.41787486686972936 0.4084321293523669 0.41770067643733083 0.40075887756189693 0.41321166974354506 0.38888340108321 0.38514187687049645
9 99 0.3946339790098378 0 0 0.39071584715783775 0.38793449382484463 0.3750999163257181 0.37450483771942306 0.3890703581539492 0.37103320269169277 0.4001350421915182 0.39205891752684996 0.40116169748276537 0.3902075780722946 0.4007538177896514 0.37434691585980545 0.3729418353574826
10 110 0.3708844372573686 0 0 0.3704051349052732 0.3656228389914675 0.3483430653805001 0.35374758779009574 0.3626155783479137 0.34837444905265513 0.3745913042984436 0.36796436462466486 0.3737785126315717 0.36864151026193637 0.36514471181895836 0.34415845625227875 0.35085892316103384
11 121 0.34388839855160963 0 0 0.34289663510851476 0.3381279301257516 0.3183520926271956 0.326996605755628 0.33039923707759955 0.3219162326916322 0.33736303673543516 0.3409692708072062 0.3486075852548415 0.34121397242504553 0.3381623511856603 0.3159519127351894 0.32645733557347995
12 132 0.338934862542535 0 0 0.33889172701841447 0.33237217925827484 0.3158902434108914 0.3173560939808278 0.32215116785364745 0.3185745446126131 0.33691274396205356 0.33174269442088045 0.3391597804029303 0.3389322358363588 0.33618623145628207 0.31655127176163245 0.32488260356736015
13 143 0.3209503998067307 0 0 0.3207141381977898 0.3119254530878288 0.29653885735845154 0.30631027095835056 0.3002560486521893 0.2994586514003658 0.3189748787580734 0.3068041118077698 0.3234427334352756 0.3248316119283317 0.3229703419029953 0.2973887072266393 0.3067482721522914
14 154 0.3286246892648271 0 0 0.345051864112819 0.32071146767857833 0.3052423569529559 0.31728574029876233 0.3089187327214415 0.29844197363947866 0.32344440032892363 0.31222668192821706 0.33178174688426043 0.32654731337211484 0.3370754158034458 0.30344149844761814 0.31527588477845225
15 165 0.3255273825534858 0 0 0.34778006493436475 0.3171419716076656 0.29920390896902216 0.3085882349504413 0.3040801507729531 0.2949765708263211 0.3211466958820249 0.3090987306538385 0.33146661065573035 0.31927320525592134 0.3330831292067917 0.29977535961459245 0.31031397331297667
16 176 0.33894794376089804 0 0 0.3653015632566835 0.32386066893172555 0.3196576127579614 0.31647129462151047 0.3098415277674447 0.300751984632865 0.3353577183331883 0.3180892080769021 0.3377629517363771 0.32997197499591574 0.34750552746479363 0.3318141001126144 0.3247452297265286
17 187 0.3686894004150657 0 0 0.3986029237702488 0.34807891637793825 0.3520235852871426 0.33722181656191186 0.3362694597651251 0.3268376766898435 0.3659821844356687 0.34525044041810005 0.36844423897321205 0.3653957818136712 0.3818596575223444 0.3802463509978029 0.3474297251037507
18 198 0.39731110777177475 0 0 0.43250635860519693 0.38058465521637336 0.3797524495535829 0.36775366420678623 0.3677980190181844 0.34956572928222046 0.39410381995953214 0.3698798585166463 0.38166135767567805 0.4009453738590344 0.40199016231532303 0.42732187905653196 0.3711433083705454
19 209 0.4178202986796386 0 0 0.45555813637546294 0.39611038262720116 0.3968582365703935 0.3835836595016415 0.39330993982429874 0.37058013254195615 0.41280958018774355 0.38795573398342564 0.405271785158404 0.419230871304903 0.41417979330088023 0.45978171321625894 0.389967852139785
20 220 0.4227652819908128 0 0 0.4558976651726099 0.40273603489073845 0.4019265107883677 0.387992143438463 0.3888568453888281 0.37389268999541375 0.4035427763358511 0.38871918029684854 0.41288008364989554 0.43243515151086365 0.4161677048933575 0.47255209774876267 0.39256748937210034
21 231 0.42987589295590334 0 0 0.468426922563777 0.40911221357184646 0.4061161063273134 0.38260558247288484 0.3927729332744873 0.37677753245910445 0.4079212882267013 0.3940141308523672 0.4221301369700529 0.44695494260450624 0.4206908082751 0.49054922209425805 0.39213632279557814
22 242 0.44885923150801105 0 0 0.4944054491929477 0.41810649758152413 0.4227981910689923 0.4041023286126828 0.4053435493880926 0.394623625208734 0.4242590775019441 0.40840345316420545 0.4655602343173076 0.4716689094992121 0.43357113125405783 0.530002216557179 0.3983969829788135
23 253 0.45649677974347425 0 0 0.5146358948785932 0.42313179961197767 0.44401039005645404 0.4158949167785193 0.41391229534226626 0.3952977886673617 0.4269574630524107 0.41287332323143133 0.4767493286739566 0.4808664040391146 0.44731974716389444 0.5337360022297902 0.40014204553191124
24 264 0.4376840967290335 0 0 0.49756495301599124 0.4041815548390435 0.43208410583858736 0.39872857773020154 0.3976123267321734 0.3804011704829359 0.399732797016528 0.39271673720600886 0.4606308633443039 0.4607416898063854 0.4115277460061489 0.5319991528168659 0.38214142939472373
25 275 0.4389232631683987 0 0 0.49674513228989836 0.40537543619413063 0.43262219062467505 0.39558887856517166 0.39727798974320566 0.3809271325703999 0.39938458148844275 0.38207956821082684 0.45524899526429796 0.4609320738652504 0.42023008033846115 0.5463044192802128 0.38115034714868046
26 286 0.4199430441141389 0 0 0.4810893138873733 0.38396517261555285 0.4059044358192963 0.3765074821193624 0.3770967011401831 0.36416064543569165 0.38135333932251125 0.3635109592811693 0.42877217296645154 0.44225893635452623 0.40512959557932704 0.5176003150368209 0.364269351940268
27 297 0.40280833961062285 0 0 0.46213708028478007 0.3698241848053453 0.382555629425942 0.35516820641635977 0.36138014432816845 0.34712967785032617 0.3620263854845114 0.3406031403531342 0.41237534209042803 0.42695836710142093 0.38968784700677517 0.49489493771390247 0.349046793968092
28 308 0.3887470293924696 0 0 0.45185193881657865 0.3560123965558853 0.3660081583103925 0.3416595973687266 0.3441447291065758 0.3345855437851572 0.348369179100167 0.32640598267181853 0.39760345091997457 0.41271464465639857 0.37579095346871355 0.46684118807159 0.34296142305393634
29 319 0.3739369765584566 0 0 0.4383266670974716 0.3403690984415619 0.356088853723895 0.3288521370288256 0.33505341886865914 0.3156676858365661 0.32723163658805343 0.31428222876397693 0.3882789310579943 0.39730298820644905 0.3567309022476341 0.44908075808343606 0.327782872588032
30 330 0.35997795519192455 0 0 0.41984780001451005 0.3356601269176445 0.34147093979966014 0.31589054894786384 0.3255774147876516 0.30284354938687996 0.31668152361399915 0.2999384305082069 0.37437721190914874 0.3749389719357858 0.3432053635301975 0.42544328821440175 0.3154242122244761
31 341 0.3688699058336174 0 0 0.43250813366566043 0.34391611828499846 0.34434934509492576 0.3201501926617427 0.32850542887610834 0.3115925913809953 0.3199279828701928 0.309769472659917 0.3889303376854733 0.38683585913193463 0.34466331762375557 0.4327900192435759 0.3265011025832242
32 352 0.3679899811081568 0 0 0.43459884200147614 0.3418632695175323 0.34313931870080056 0.3160562287223439 0.32066834237730396 0.3067512816822689 0.3216367741568154 0.3068370515108844 0.3943780825371128 0.3851152471378097 0.3394476741675188 0.42459779000981357 0.3222742726951175
33 363 0.3538222022906922 0 0 0.41607804586867353 0.33041347421702644 0.3278205763575588 0.29151394959080074 0.30735683520571666 0.2910020090063172 0.30748071154399903 0.2971471840248887 0.37836349935644203 0.3760133447914626 0.3259073911206369 0.4060757653733131 0.3089672855662709
34 374 0.3448968811596125 0 0 0.4073404566789654 0.3241600300629454 0.31254621334805965 0.28134298770814814 0.30022654636403767 0.27961263693685234 0.2972705123364199 0.2910381353166935 0.36806572962737905 0.36199947063119237 0.3157525033423219 0.3866496557672488 0.30396045098007146
35 385 0.3301254949985959 0 0 0.39158022941219245 0.3119409803118462 0.3021609637511997 0.26748319947230625 0.2864162623863518 0.26529388086633227 0.27592881112228473 0.2763954689586831 0.3498605372612282 0.34867096077237003 0.3078966076683935 0.3677613459507032 0.2882538583506123
36 396 0.32228403542365586 0 0 0.38189825463181293 0.30204321785774624 0.30371215749047586 0.2568622343764516 0.28544202056604545 0.2575837299617298 0.26582906614436314 0.27030082835580843 0.3446852598584447 0.33880387964936004 0.2967917795541415 0.3563980184768505 0.27845703302047214
37 407 0.30833628383544887 0 0 0.3662697546747546 0.2966973246258144 0.2922225496709677 0.24191725582532309 0.2729100203862459 0.24851150674711683 0.25118395027168827 0.2575797687766159 0.33045614371782794 0.321225395987521 0.278900588624777 0.3308745739169045 0.2699270969144489
38 418 0.303463879197287 0 0 0.36911378172250087 0.2944179102014757 0.28618156848107934 0.24078270312991715 0.26660310244979685 0.24354858131258952 0.2462660102377266 0.25365230008991 0.3280763241889428 0.3142277951764972 0.2637990462317135 0.3239829386746126 0.2687165048680786
39 429 0.2888593859176014 0 0 0.35125629897627875 0.2815883762399941 0.2701104814600953 0.22590621078660678 0.2518693033332566 0.22687084978878547 0.23536555247751223 0.2414850834694739 0.3144537795437136 0.3015291040369912 0.24864105530494532 0.3061504712142456 0.25395151313949044
40 440 0.27866994762638864 0 0 0.3360930174988635 0.2710155685681834 0.2580218517964497 0.21755014582765617 0.24095154161495067 0.21911674434749098 0.22607296228056212 0.22983679393512058 0.2989660899631101 0.2927121202496402 0.2395371817443303 0.2960400347667521 0.2413078656288723
41 451 0.26130052770443196 0 0 0.315339684332886 0.25655689704685786 0.23727348807303647 0.20186229440096454 0.22401717088047035 0.20550462620429563 0.21236447003583525 0.21464638905181216 0.27709525147222447 0.27316385113453945 0.2224312916190248 0.2769361544359532 0.2213992885577433
42 462 0.2672493788850971 0 0 0.32551930197015305 0.25828859558523176 0.24359571812094258 0.20488638626204336 0.22880112435776648 0.20558028801003128 0.21564154081837306 0.22026100987940486 0.2851854447992864 0.2762597193734662 0.22775328455042004 0.2827142593065403 0.22815263201048522
43 473 0.2659865163364507 0 0 0.321548033712047 0.25200439288869836 0.24438818161173836 0.20319079734844195 0.2266121679056888 0.20570510405504772 0.21627829849524613 0.2195243273536681 0.28625378320025435 0.27543868547308603 0.22296106115052539 0.27829906398972326 0.2231193615706514
44 484 0.2699399239163588 0 0 0.3306863749071071 0.25634303122648355 0.25130915159750594 0.2044298110532337 0.23089534989159585 0.20690115440007986 0.21785614764024896 0.22296479884379575 0.2852161482707191 0.2802892999991413 0.23192524881139742 0.27860403709587356 0.2237390161661022
45 495 0.2625968511799626 0 0 0.3207633047718233 0.24716443517515768 0.2503402614485292 0.19686246530532797 0.2301147749451639 0.19941398513411235 0.21245934294301583 0.21365760943817275 0.27773832793975783 0.27445105050713814 0.22559864173508531 0.2718413588584873 0.21420420859822975
46 506 0.264738303173283 0 0 0.3253920733702679 0.2490999392156781 0.2518207969946372 0.19661694462833298 0.23269144425190658 0.20619891372176727 0.21253188854363878 0.2140001752023383 0.27795205483852636 0.27446370240487517 0.2218513179365177 0.27730374791201134 0.21352610335011304
47 517 0.25988814379114256 0 0 0.31862770636559506 0.23939935812664825 0.24830191334497237 0.19338290935229613 0.23041137466186154 0.2033755055906925 0.20722527160094847 0.2083479854398258 0.2689273883982657 0.2668228207648577 0.21907117245385072 0.2717633080243137 0.20803379885292955
48 528 0.24971639157351197 0 0 0.30339284980708514 0.2335841285317703 0.23924275488542365 0.18626122062654438 0.22170454291545852 0.1873815769518986 0.1989145097426016 0.20027467022212617 0.25771165409375213 0.25144659111225254 0.2106177898302824 0.26570158006975414 0.2002545844089329
49 539 0.22850688968220553 0 0 0.27861534065607213 0.21428854887207038 0.21818976034062681 0.17105714573274577 0.19793634944967398 0.16767292925584198 0.1794226624708813 0.18492255241638567 0.23682708082182283 0.23079080023938542 0.19227186993853215 0.24365432800275397 0.1776590671336786
50 550 0.22329282625854027 0 0 0.27002502474818246 0.21480765487565362 0.21531866431002256 0.16693638100507166 0.19519743413681653 0.16205225233464535 0.1745667808257271 0.18070953453625874 0.22950347799624646 0.22741299648785657 0.19401782642992418 0.2380747404342561 0.1714277761157494
51 561 0.22774550326683296 0 0 0.27317264944750386 0.22009701177886545 0.2217939167757506 0.17190754312643106 0.19917205328457893 0.1645738434099093 0.17930180047503216 0.18306073404025652 0.23368923974295006 0.23099363502864212 0.1976977567360857 0.240369890140823 0.1743998964879675
52 572 0.2259007113747559 0 0 0.268778954642513 0.21814245055930262 0.22048869599224016 0.1678306890208815 0.1993023244501785 0.16112527831610393 0.17585219149203488 0.18203387078086009 0.23123382108895976 0.23085779356335945 0.19283074767961628 0.23892902117730452 0.17223501419288398
53 583 0.21702401070329033 0 0 0.25961761647234066 0.2120497552635836 0.2091305606448202 0.16049814003045187 0.19206448025597836 0.15281077046103683 0.16526851625167796 0.17403540792470287 0.22495947981648975 0.22069859475423295 0.17633322685536534 0.23158539469818154 0.1650693712150407
54 594 0.21422100733076171 0 0 0.27429977646193104 0.2103127357421097 0.2048230814407269 0.15705478410230958 0.19090570072746832 0.1495588915065354 0.1647689460235352 0.17135640013462042 0.21908181037314664 0.21583934408173844 0.1719770567951847 0.22432599488534932 0.162512054645303
55 605 0.20933339976923612 0 0 0.26985354723199784 0.20684080690884685 0.19962300018498372 0.15318662646178235 0.18788674860533347 0.1447448405923341 0.16273949666625512 0.1672838510811186 0.21685807637161802 0.20946028787955726 0.1636785350783291 0.2129800454582238 0.15896057649926287
56 616 0.20096855574584388 0 0 0.26028514188101 0.2014641455857174 0.18904797904536344 0.14622413021993227 0.1805680667401378 0.1340360978252947 0.15684787186557622 0.16050836097962526 0.20984137356054186 0.19554297996043124 0.15807443995682682 0.20673828992949242 0.15015906008895116
57 627 0.20069580852847538 0 0 0.26066518383086223 0.20519876238012622 0.18576228172586184 0.14594623077410432 0.18005459264371734 0.13107384959459736 0.15378878515974012 0.15961224730219897 0.20949893496257518 0.19875732902800303 0.1612908654527826 0.2064247753780998 0.14862465814275264
58 638 0.186930441756788 0 0 0.23997281367289874 0.19071387362080364 0.1729589281456718 0.1325557819681209 0.1683637833549254 0.12170433756215467 0.14239946814525797 0.14911607824589423 0.19244300275636775 0.18536890265433317 0.1493762912851979 0.19195967705916922 0.13783136810327598
59 649 0.1795058045629204 0 0 0.23001798343905472 0.1873894645243028 0.16381965565572842 0.12583691577872883 0.1619823186994225 0.11531128024562527 0.13866206559614488 0.13911990482293263 0.18198600354124397 0.17806934085199713 0.14271118526313462 0.18471346603934682 0.13155708346719408
60 660 0.16927997181998025 0 0 0.2159392836252351 0.17658112816347638 0.15167583770092316 0.11903909934538287 0.15166767123450736 0.10925602390179849 0.13181997347633392 0.13092202974021322 0.1716921718863214 0.16596308904430296 0.13468345080229574 0.16940770158964477 0.12377261176256911
61 671 0.16605241485454733 0 0 0.21262883210436148 0.17599251616343656 0.1454905757799885 0.11742765698041831 0.1477799544045022 0.10682454181368606 0.12601502236318904 0.1272297963351631 0.16670453093188725 0.16271711155952484 0.1328992610688176 0.1649979803260217 0.12106196197013057
62 682 0.1657908359641122 0 0 0.21212325157497397 0.1769573462465793 0.14170643257795854 0.11768391248937568 0.1479947208794515 0.103916211148737 0.12566580755251391 0.12600352869921164 0.1668658263643742 0.1628187520171276 0.13289405396870635 0.1634576432629663 0.12064286455245701
63 693 0.1774700889537695 0 0 0.22430688204868204 0.18603298053904832 0.15420829648368362 0.12613269697961757 0.1581541648470889 0.11176742644646044 0.1328527441759234 0.13521060249506336 0.18018457287986953 0.1731429031302226 0.14108775798762088 0.1742779158235298 0.13259813631628198
64 704 0.1737041157585558 0 0 0.21844435763701459 0.1796560791131149 0.15083022455476794 0.12366227187407272 0.15435025639169964 0.10902134245394099 0.12664507888736948 0.13224286476688843 0.17576899243526214 0.16859546564101704 0.13689086503131845 0.16827385056449728 0.12870180187074823
65 715 0.17919598970078462 0 0 0.23227886145908136 0.1849018763637359 0.1547557316561045 0.12619743999969957 0.15688020858975613 0.11393958009544763 0.1262105919524332 0.13585818249316134 0.1824041988787104 0.1725380638833164 0.13878344878442764 0.17443908929119287 0.13440842726325472
66 726 0.18128434923724054 0 0 0.23667098365455516 0.1863866238245681 0.1561721510734672 0.12662156673496924 0.1573354457037422 0.11532020545555889 0.12657599916498008 0.13678272593341648 0.18154695033990637 0.1757621247723025 0.138047768560441 0.1763242131744816 0.13872051401262261
67 737 0.18668078989140383 0 0 0.24683620545931761 0.19053344965637425 0.16376345754374413 0.1300807494191122 0.16287792337009593 0.11978589440835136 0.12876462974373054 0.14135524653468823 0.18518683985494103 0.18100496970253707 0.14344139549812718 0.18141755358728526 0.14270724065347676
68 748 0.18067276005583588 0 0 0.23881010298588456 0.18719903176422253 0.15959467340520744 0.1254974991619527 0.15470811445283686 0.1154927738368531 0.12445442210870906 0.13856268263125793 0.177335772333429 0.1733872579790077 0.13713760112378556 0.1753533308843 0.13699742198327075
69 759 0.17594464211379804 0 0 0.23479171800728757 0.18351200676155116 0.1550236827190774 0.12121544112418665 0.153329381576857 0.11136071600083874 0.11969600242969891 0.13466430800488832 0.1721204776232665 0.16668924031994448 0.13369247175716803 0.1692065792676895 0.12910836129791353
70 770 0.169447307762267 0 0 0.22976899707763992 0.1745266149546401 0.14910058633682255 0.1171346614200667 0.1477844380151559 0.10716033828657114 0.11693742125038771 0.126226748249523 0.1646374319335657 0.15945820870928723 0.12695895654177408 0.15922599246432823 0.12419615948947146
71 781 0.15506009917071747 0 0 0.2113352970514767 0.15839259622087973 0.13501727763036409 0.10560226731047995 0.13407109077149984 0.09732176954525242 0.10774181989001513 0.11524203432285215 0.1530409186480684 0.1452435724991551 0.11618274119027346 0.1462312661663489 0.11241449632301252
72 792 0.1439335569212404 0 0 0.19456257924008974 0.14743768574707422 0.1240750998465306 0.09596481158204874 0.12479814010825467 0.08836227987043185 0.101577318484803 0.10543089382374768 0.14211433974617682 0.13489501046755104 0.10736384554005442 0.13718967188473383 0.10484229133211945
73 803 0.1348240499504005 0 0 0.17860819622954588 0.13390202811154941 0.11494478428870535 0.08961714980088664 0.11870023065566797 0.08234072883556301 0.09575818350242804 0.09651862757609556 0.13164175537243597 0.1259786196633573 0.0989898237853494 0.12977408118116532 0.09861505755534923
74 814 0.12387733589980267 0 0 0.1630699559166008 0.1231260325568092 0.10482207463303443 0.08269282132608424 0.10868193532082703 0.07497348180192327 0.08623877613199754 0.08514587344115394 0.12123830655189519 0.116034325203858 0.09068833254008564 0.12039892035764012 0.09098781457695353
75 825 0.12325053812319836 0 0 0.17015048673922376 0.11998882983074345 0.10539523488160865 0.08213371989583403 0.10937553930862648 0.07428262175371572 0.08602574162569718 0.0838452936213014 0.12185734577304029 0.11652568345214037 0.08954678411870076 0.12150428169199655 0.08992042939336885
76 836 0.11569054075253864 0 0 0.15976165959617172 0.11295172408535939 0.09870569540054479 0.07559364038425767 0.10226423835797603 0.06959364068897408 0.08082001690685507 0.0775167510695919 0.1147082683467025 0.10891750864631332 0.083684884397139 0.11512698066024243 0.08352507973816327
77 847 0.10850654820729265 0 0 0.15040829640916398 0.10385520237677238 0.09216987690158068 0.06917683575387079 0.09612134100917932 0.06631633852353187 0.07557692719165182 0.07269916893656217 0.10712476419986387 0.10199487474454416 0.07850910078111363 0.10559226691474605 0.07800721276545669
78 858 0.11048077133543198 0 0 0.15516692807265425 0.10562481451703813 0.0938597156780702 0.06972516396984921 0.10087871165750256 0.06884256178109384 0.07790144506661661 0.07317776182719644 0.1085021724878337 0.10175239168951389 0.07983350116340644 0.10579830654986942 0.0787981683008164
79 869 0.11403609496876542 0 0 0.15935712056334841 0.1080985725215262 0.097052374185773 0.07241636469822901 0.10564261515815426 0.07466204598168935 0.08017641161078046 0.07647219085698986 0.11219521466254144 0.10331916363199474 0.08036265900624794 0.10932469773576352 0.08076340327890205
80 880 0.11071567801836722 0 0 0.15420845488163148 0.10451153423912929 0.09394414822237687 0.07027586291242444 0.10355759661913544 0.07213267388860206 0.07819681658482874 0.07364880661978787 0.10804823605080782 0.09912669658451755 0.07796349675638096 0.10557748155864312 0.07811679609490019
81 891 0.11217191145170391 0 0 0.16082259377726846 0.10552368779753517 0.09610407442766476 0.07154727110460209 0.10399561465858766 0.0738642767429953 0.07882615673323046 0.07467460349472718 0.10786959003480283 0.0993827344149678 0.0778261256804047 0.10746519377746008 0.0792378566704067
82 902 0.12461204424155689 0 0 0.18553398442488825 0.11740101975829845 0.10715505633375408 0.07800230714773161 0.11766760866497311 0.08605337855008348 0.08905980254875204 0.08301360940770072 0.1193438460266358 0.10777556557458857 0.0868629899104418 0.11944445249051226 0.0886780286666624
83 913 0.13592719052939495 0 0 0.2035927837864957 0.12822557906890075 0.11749692531450937 0.08403512529075965 0.12956882726656113 0.09548657368765988 0.09748172164974471 0.09133194378157361 0.13329831108340032 0.11631849421756947 0.09315613517707268 0.12968328415251484 0.09921492276516003
84 924 0.1410132489737078 0 0 0.2115187392660623 0.13339608540636924 0.12116319917898886 0.08552848691392707 0.13261874021231568 0.09961182180697813 0.10107594103586805 0.09522545449520185 0.14207580151124985 0.1188199346772843 0.09605891416153653 0.1332336486323221 0.10664441668322157
85 935 0.13965674181494497 0 0 0.20521421250150804 0.13061113300031568 0.11771801998114902 0.08406805697169656 0.13042630084012088 0.09959206083901988 0.0994432899983479 0.09485134368512636 0.14191455142451936 0.1177876565094687 0.09511772825664161 0.1339097632350013 0.1057162087925754
86 946 0.12728098015070335 0 0 0.19087542243421066 0.1198602615890008 0.10588980742931657 0.07571540936766685 0.11976461322621303 0.09001671869704884 0.09004706993181694 0.08377964390277425 0.12884723971469908 0.10689592799178342 0.08606392619321075 0.1208229199692689 0.0964873028039552
87 957 0.12427026867126861 0 0 0.1917545953226377 0.11582196913883103 0.1031080629463972 0.07350460592217992 0.11667306552589042 0.08742210186324031 0.08703060178849627 0.08182444899993861 0.125579671923007 0.10147147837803698 0.08296659880051767 0.1169330452280922 0.0937278473564278
88 968 0.1259156842783869 0 0 0.1974237118849729 0.11647700496914457 0.10226814650307808 0.07445772747863111 0.11826924835484967 0.08712720522298707 0.09100434460614278 0.08205307331211224 0.12436750132595056 0.10213162579900967 0.08364273274980402 0.1172889797644431 0.09265315845725905
89 979 0.11998812208913934 0 0 0.18442842855245203 0.11159725573702899 0.09526957359700675 0.07058831632203862 0.11368133327256576 0.08279772033207528 0.0852857629116736 0.07819149698478409 0.11780169344949679 0.09835435869147645 0.07989975427079911 0.11239868603521075 0.08832241451755285
90 990 0.11584900634813333 0 0 0.18051835189114032 0.10686910427424462 0.09078922688770898 0.06772972475318186 0.1102205097105333 0.07923893749329897 0.08315211596576258 0.07586096376197207 0.11339626441424062 0.09313401406576474 0.07627649729239167 0.1070142409372019 0.08466485080452262
91 1001 0.11330720237925845 0 0 0.1760176759729102 0.10849397652838953 0.08520505149857656 0.06641066162530618 0.1067317200916717 0.07763054879717424 0.0807400655909318 0.0740327811007696 0.11045688502666073 0.08891813643109754 0.0747186294125832 0.10342349455955359 0.08186472462780714
92 1012 0.11210778081773928 0 0 0.17429160105546423 0.10924477304151588 0.0850529093927801 0.06418917108920022 0.10504516471215145 0.07490212579379876 0.08002123883818582 0.07303162571287476 0.10898694417863401 0.08587399827809049 0.07351634903897687 0.10215279565976444 0.08089341247858613
93 1023 0.10730304915916675 0 0 0.16791923883476467 0.10525284688798334 0.08150882090841621 0.0615571632536021 0.10068319624822887 0.07131686105467884 0.07483665268401916 0.06941830954500361 0.10246003751582618 0.0817523090316298 0.07033869523759129 0.09680524387633403 0.07726760994575048
94 1034 0.09717509789768133 0 0 0.14972244083335742 0.09692018838792803 0.07227801269010423 0.05534029249089978 0.09029787364137433 0.06439083399839934 0.0679893590607727 0.06285260091150768 0.09358882845500992 0.07216528838940096 0.06383956963470665 0.08779588025411125 0.06955912359696916
95 1045 0.09093660815054735 0 0 0.13746237110202447 0.09024570248069386 0.06751093775141112 0.05188491150975506 0.08390710485938686 0.059639565598750374 0.0621963706227025 0.05755126219725874 0.08780495811553819 0.06676679109376397 0.059385758609824785 0.08281969296051744 0.06567488373808601
96 1056 0.08661583462750717 0 0 0.13089391220921331 0.08609154247306662 0.06392734719520592 0.04922583328803186 0.07856260341329686 0.056521166681400996 0.058261294820217545 0.055370919746499256 0.08241563142075692 0.06435266886394486 0.05669757753535814 0.07916258351214245 0.062327138364856226
97 1067 0.08440646090956667 0 0 0.12872742295261347 0.0856354517439517 0.06172289844171569 0.0478398050707235 0.07950720600067318 0.055063507571091304 0.05633690381473838 0.054274989987783906 0.08013552626503746 0.06314685597293439 0.05417968536452249 0.07698487596165239 0.06044372295540311
98 1078 0.08424755536804998 0 0 0.12742773877737137 0.08481063052926212 0.06020860952623045 0.04758886886083471 0.07959470044115995 0.05545028064654152 0.05722046632307807 0.05371773661262263 0.08006831739934403 0.06249293576790966 0.05375297112283637 0.07588239324665269 0.06073123009071763
99 1089 0.08209085902017367 0 0 0.12766208046048938 0.08316898898336467 0.05856250503237682 0.04608220585839547 0.07817559375623032 0.0546041423628423 0.0551840087584977 0.05160849948163269 0.07717787603341661 0.06108765669808569 0.05230523615321201 0.07254667392422054 0.05856071625750061
100 1100 0.08071654799648408 0 0 0.1262487691988211 0.08384296149218708 0.05744947439019362 0.04528204727698036 0.07697331039981177 0.05495795619546292 0.05349025970057444 0.049973460824839395 0.0755555316662101 0.05925735301849646 0.05001590394792764 0.07120593432465461 0.05745434758585734
101 1111 0.08075767539702766 0 0 0.12606726177849623 0.0838179549226175 0.05800761371038901 0.04569483461843439 0.07746048251697572 0.05637886333757101 0.05322912835579996 0.049852794538677435 0.07550109583357438 0.05900465225069055 0.049271586573328446 0.07032378328577442 0.05704186279184346
102 1122 0.08156030749280392 0 0 0.1267501501542646 0.08616827741380943 0.05763947965062568 0.04591769205917694 0.07832361507686303 0.05666862227185869 0.054638205104788146 0.05030261365186091 0.07562992211714019 0.05897032712071752 0.04981881171647016 0.0705491703683475 0.05950620645180817
103 1133 0.08677821530769313 0 0 0.1348041350361237 0.0954007505710071 0.0594999311573371 0.04925892528323309 0.08433095332865922 0.06085176011506805 0.06037732087941712 0.05446666763311335 0.07950981848340144 0.06359358519983953 0.053097160220417064 0.07579254135379097 0.063875025105627
104 1144 0.09232966086988303 0 0 0.1425720044456515 0.0998054038936188 0.06357019645660517 0.052468065795180485 0.08973643781314034 0.0681548768185628 0.06430446514060627 0.05736748056865852 0.08201488752997728 0.06679416103748571 0.05671521782457872 0.08032805976187002 0.0687547974042842
105 1155 0.09578639902742188 0 0 0.148882606557461 0.10283923232390087 0.06526228600752523 0.0541700916506122 0.09487008444230767 0.07075974284792069 0.06606314241915805 0.058491796166618405 0.08509947013577492 0.06926435369688416 0.058508779648334536 0.08414396987845574 0.07222373391832704
106 1166 0.09713717580075741 0 0 0.1511848649108724 0.10428315612305239 0.06401114573609136 0.05493982524250207 0.09624675846667174 0.07267191133373116 0.06743354593886061 0.05899885864846097 0.08628139572644511 0.06951116497561328 0.058358029010695436 0.08538140891395211 0.0725044228712534
107 1177 0.09744918533435681 0 0 0.15150163934225516 0.10271325434571114 0.0647103422002751 0.05496382474524996 0.09542984509658287 0.07347631213773877 0.06769076923144307 0.058098612137626564 0.08608743262852438 0.06788146995181173 0.05938610295553119 0.0848545454372511 0.07189744070182892
108 1188 0.09529875919429519 0 0 0.1483055708445554 0.09933804899175967 0.0627786082044791 0.05278879714908004 0.09328211824188172 0.07135000199773119 0.06809344986478968 0.05662168925903189 0.08461493493480166 0.06753281174001026 0.05785905675858025 0.08241278670618465 0.07120998110350653
109 1199 0.08535627747894571 0 0 0.13055622284817375 0.08794190315921102 0.05581136957918687 0.047057918831833065 0.08219324725353844 0.062104948611647025 0.06091332911217566 0.05070501575036274 0.07658942628435604 0.060645770885334516 0.05231882283757516 0.07292679542818488 0.06408085966846733
110 1210 0.08368752670008799 0 0 0.1275262606563841 0.08599426728101105 0.05290204132774333 0.04597783444613979 0.08127739648037695 0.060670947404986075 0.06056712460042804 0.04934464921341051 0.07397423424734424 0.05960553118479179 0.051411974297263616 0.07186084747886069 0.06337623067978754
111 1221 0.07936961270609737 0 0 0.12116145341740082 0.08090898883401126 0.04949419833516877 0.04370719907084141 0.07654526188201795 0.05726385185217661 0.056200585662334566 0.047501849044814075 0.06947942194288073 0.056663062209105865 0.04778704802839454 0.06763587115660076 0.060389855565569375
112 1232 0.08075300631201313 0 0 0.12770769697121823 0.08115520533396918 0.050155496947241494 0.04472574835364186 0.07695754068088387 0.05798596838002314 0.057976681060871345 0.04833025136906532 0.0690375074260131 0.057691087985777295 0.04805269086594752 0.06889421349864068 0.060467228443700484
113 1243 0.07922973074920088 0 0 0.12553378948607433 0.08008745773262255 0.048340286101761075 0.04276504080447042 0.0756516483254887 0.057785976578785724 0.05719897974881544 0.047420795628335996 0.0672137439737332 0.05629057265017096 0.046907553426200004 0.06744878216388164 0.05901837301564557
114 1254 0.0791177817445527 0 0 0.12755325726563305 0.08041110008870168 0.048002245865381855 0.04254024231877868 0.07444397731575894 0.05811687076875711 0.057122933753594285 0.04788674035755179 0.06592828337962053 0.05585617352759743 0.04628990073689245 0.06697561535961544 0.05922291318073889
115 1265 0.07654789866422855 0 0 0.12399091160841955 0.07964144391322316 0.04636258490605032 0.04074777187874797 0.07056255670950327 0.05651228732305522 0.05555780122486642 0.04657957086531035 0.06366968145965436 0.053767539908336846 0.04451183220477807 0.06377760602362097 0.056595221265215476
116 1276 0.07338468742283126 0 0 0.11878729574238725 0.07626908369574029 0.04406111783157801 0.03956959051093417 0.067289730568601 0.05417202402644228 0.0521088838349263 0.04462124033815368 0.06035742042998814 0.051223586604115606 0.042307840675348936 0.06015393090783557 0.05425581227393592
117 1287 0.07282688192559622 0 0 0.12352231232461319 0.07593650346716851 0.04302267272019579 0.039563460035518146 0.06616469186057099 0.05320472530402853 0.051369547031819056 0.04461140373789859 0.05911188809175067 0.05069714596263707 0.04167024771913519 0.05887792194735418 0.05264391899012724
118 1298 0.06925850725872505 0 0 0.1178897096415632 0.07041159373794617 0.040550208988138756 0.037666507979164925 0.06309190790416344 0.050575737748135396 0.04882238783594932 0.0425246399824009 0.05553437494239133 0.04792266388011147 0.03886501506840785 0.0559451821632275 0.04972202634496988
119 1309 0.06906836779997284 0 0 0.1173916717003396 0.0700274686056807 0.04000232635620745 0.038245884216575335 0.06294816257358199 0.05080611085527886 0.04830345639004782 0.04141096795005871 0.05460371322545632 0.047973761605740566 0.038106594907346004 0.05737574012395103 0.04922308726786517
120 1320 0.06662057025963256 0 0 0.11087255195589928 0.06745712061382929 0.038395217286531794 0.036694254447924894 0.060038860887456386 0.04892367595068604 0.046675738486738116 0.03991689052280405 0.05274402789089958 0.04632723458754176 0.03641957822321207 0.055565232952772645 0.04786061185985643
121 1331 0.0660865075831362 0 0 0.1101760914086539 0.06733564344461845 0.03813830395559903 0.036243426139826014 0.059501081655749584 0.04789198488955433 0.046851116656992604 0.0405912305808173 0.05263064826919965 0.04603893437575505 0.03543449987273119 0.0553433245776751 0.04709737289391664
122 1342 0.06768944258264732 0 0 0.11222627228858117 0.06819450831154486 0.03827012458559327 0.03641401528169869 0.06097706567096113 0.04861823569927045 0.049002258589272936 0.04158295197860855 0.0545750753792222 0.04776495231086264 0.03637953507094501 0.057453771979352614 0.04919974019365763
123 1353 0.06670380566632432 0 0 0.10962862234466983 0.06655451880493517 0.03782593183909149 0.03592046967094672 0.05908475822622908 0.04688003578703931 0.04814006496598299 0.04099935708116439 0.05449643490060901 0.047328178043497975 0.03537632243372138 0.05672040517149338 0.04872904538308267
124 1364 0.0680187272928893 0 0 0.11120592528737833 0.0697293699266177 0.038464034478105424 0.037180625839192585 0.06000277375400497 0.04779034872270773 0.04880458977623855 0.04176588127123058 0.055619838341158696 0.04829349385106094 0.03567793371141747 0.05787459947884449 0.049223042984874746
125 1375 0.06497190704691785 0 0 0.1073754332286738 0.06623341484658764 0.036922992466845835 0.035616627903149144 0.05810993597868225 0.04548337967191361 0.04665749481258371 0.039725999511316716 0.05276370601386047 0.04603678037395733 0.03412330323765353 0.05500744416898015 0.04661779851199884
126 1386 0.06605408431385439 0 0 0.11002873532963033 0.06825914172523784 0.03736240965775407 0.03600374658289402 0.05903877923930511 0.04615120206304518 0.047552030988838596 0.039985137520037704 0.053888084566548505 0.04675318407841086 0.03494393170645498 0.054558979306711275 0.047787676746748727
127 1397 0.06612377448710716 0 0 0.10956158903304136 0.0674332405905787 0.03703950135269513 0.03619331917533803 0.05866387229438388 0.04614073849983844 0.047379280198655706 0.040099242490590804 0.05362015412430306 0.04663455861059661 0.03532636669794194 0.05459756461063375 0.04738832956515338
128 1408 0.0659091012951443 0 0 0.11106996137608392 0.06630694262365745 0.0364641336662645 0.03670342625561851 0.058690725939201244 0.045572370814450223 0.046824662738369355 0.03963528874437653 0.05187688090290439 0.0468579461091041 0.03532044696753594 0.055287025316680255 0.04691640215079115
129 1419 0.06489864956985604 0 0 0.10967874807247989 0.06459414513760758 0.03556207414904078 0.03592307473944912 0.056577427955452585 0.04420220792804597 0.04617706139924812 0.038835028686686146 0.05092558403607906 0.04641585810156458 0.034860663487079564 0.05454681256793203 0.04596806800310804
130 1430 0.0669950024946606 0 0 0.11461265140246311 0.06598785046429237 0.03604727026982802 0.037511892920988346 0.05691145578348369 0.045265253528077656 0.04746354459976842 0.03957857734879961 0.05309925814537745 0.0482398918662521 0.03576878565715809 0.05629153845399086 0.04748258463741763
131 1441 0.06545677573135826 0 0 0.11300777344637787 0.06279819045392987 0.03512120758230738 0.03657358264201643 0.055334263516626986 0.04390431938613307 0.04531080382277277 0.03864904256004518 0.05188728146725576 0.04708056634547961 0.03407128687310507 0.05480518343862572 0.0465154952653735
132 1452 0.061864818867119406 0 0 0.10354086223265271 0.05823634667612317 0.033193976087085526 0.03370813374240846 0.051495897965826126 0.041042879115023356 0.04317847560924018 0.036051568194575404 0.04931704533177724 0.04342254270558693 0.032177660517360984 0.05305635238660606 0.04417216258129958
133 1463 0.060266629852831786 0 0 0.10255039533255628 0.05641975418598844 0.03238291023925979 0.032409796065221354 0.05144976067780207 0.04017394628152734 0.04124164169376625 0.03532951176403419 0.04818003026821436 0.04215387399815364 0.030765174747167983 0.050909483062838067 0.04290901492862899
134 1474 0.0584644424301487 0 0 0.09979774779450572 0.05430305093176179 0.03084472505218783 0.031218984759194875 0.049524407320751154 0.038781240972544456 0.040417089045212094 0.035065117144692765 0.0463628752804361 0.041405000829812744 0.029938022920183223 0.04996092839518321 0.041073067408086784
135 1485 0.055272829882442726 0 0 0.09292639526299687 0.051461713340534544 0.02869216905353357 0.02969775408650834 0.046407387940241636 0.035785253398091764 0.03801836389362865 0.033435990527694234 0.044073029818985796 0.03871896899447083 0.028138282154181245 0.047283391975335994 0.03920739061517756
136 1496 0.05357052084490501 0 0 0.08773490045542756 0.0493676567072095 0.027842260696142086 0.02871087888874369 0.044504637321143174 0.03489910012064294 0.0374073379722549 0.03245203326460233 0.043734701180518185 0.03755152507649796 0.027569018081790797 0.0461166316705708 0.03742421501525517
137 1507 0.0515225253976562 0 0 0.08341985837969984 0.04730269874611295 0.026392261418017704 0.027227592989039096 0.042751887292605775 0.032394368611552066 0.03663958095482157 0.03097508868890738 0.04215446009396627 0.035798544904317414 0.026414896547257625 0.04349773211301417 0.03586901368259268
138 1518 0.04916410729740239 0 0 0.07875258155854911 0.04461235034051907 0.02383602136841855 0.025687293953557237 0.040839142673630105 0.030947574139177193 0.035001413842254935 0.030093267297525348 0.04120111191824078 0.034168863603547324 0.02511648758549163 0.04110897087792803 0.03443589008171711
139 1529 0.04461260453335939 0 0 0.07094861791779286 0.04007819436159247 0.02140932266376357 0.02263546361977015 0.037282624905802725 0.027567434309867443 0.0315721476399538 0.027115764775207055 0.03823709882100721 0.03015658963862648 0.02252493099499452 0.03722425186764166 0.031316464541220036
140 1540 0.041511899835551654 0 0 0.06847146261413499 0.037520943570218075 0.019833552688214177 0.020914060398942412 0.03456502046921943 0.025031667688069602 0.028736452207804054 0.02502570313249092 0.03490435955345192 0.028082059633289306 0.020492191993491338 0.03419490869770423 0.029113384939925376
141 1551 0.038394450366192656 0 0 0.06303912143792549 0.033712344063405 0.018312860719283328 0.019252031354895182 0.03183653126948039 0.02274574136165899 0.026895786328246598 0.0232887993468457 0.03135024052175785 0.025885290360233223 0.01874260438531028 0.031756585194304666 0.027186871107193943
142 1562 0.03636756048149296 0 0 0.059661375600518034 0.032218754898015636 0.017538879126287918 0.018234187088802246 0.03035071443507643 0.021190749979641394 0.025434577977450457 0.021750528368508534 0.02944185407528613 0.024755048159333527 0.017307942317287106 0.030063045155882765 0.025976110363119656
143 1573 0.036490888536919716 0 0 0.062437749970830764 0.03245233652811203 0.0173706195997259 0.01825434909459991 0.030194288097192813 0.0211092365270303 0.025344692282808647 0.021943235545134818 0.029608947786544746 0.02482466780307057 0.017440377926199176 0.030205856024668305 0.026051832689291215
144 1584 0.038951448937336555 0 0 0.06997451773599588 0.034492489262232875 0.01893147256487086 0.019304023106261992 0.03151521152739164 0.02250703925815299 0.026935546607345 0.02313954142202326 0.03158317677936074 0.027017259513066737 0.0184539010311283 0.033303270096132986 0.02765251088650604
145 1595 0.04134290137518737 0 0 0.07445826325264158 0.0375008993079393 0.020615178765342787 0.0203171292514144 0.03357592965402366 0.023839511271531232 0.02828574818996268 0.0246505777377876 0.0335961487563336 0.02896397605937999 0.01916977497814922 0.03592740957800586 0.029068000280048228
146 1606 0.039753895417349604 0 0 0.06914891723084332 0.035695669419521084 0.019852895183658195 0.018828961435301307 0.032067787836303756 0.02288027234452203 0.02735769876559557 0.02370673715499151 0.03211494535502793 0.0280356434301348 0.01844214701359325 0.03437640270056107 0.02806216632983993
147 1617 0.04233791252865174 0 0 0.08014684934913913 0.037952024123963896 0.020857607771854574 0.020261384292231312 0.03423560800632572 0.024644188988055316 0.029164402321305145 0.025308325387650727 0.03481088703092298 0.029756572983443415 0.01935507374622274 0.03673851776248118 0.02977173508881281
148 1628 0.044593511020734465 0 0 0.08753684453704821 0.03836519094326022 0.02195686154274832 0.02141171711462396 0.03558232976573656 0.025748778968690024 0.03044046636258124 0.02740704309858852 0.036030191501098645 0.031699819274108955 0.020224343675579622 0.03843412151284583 0.03125409276692775
149 1639 0.044823852602150834 0 0 0.09073391985162467 0.038622023557216216 0.021698132769683243 0.02158085157511399 0.03598079409867693 0.02585141428663169 0.029643273046941233 0.027590624687767167 0.03630749028669325 0.03209616178854913 0.02042440925998812 0.03818718071411197 0.03069746387088091
150 1650 0.04632705889336781 0 0 0.09509899552839904 0.039468205317721244 0.022372341925885768 0.022050481660114092 0.03726924729867323 0.02683613886120667 0.030130672345326903 0.029442293433637197 0.03756170473711877 0.03406537776954314 0.020784066008112896 0.03880425087360017 0.03169154450268797
151 1661 0.04381517715637426 0 0 0.0886890817467555 0.03720400540602918 0.021178837831913336 0.0209833368798234 0.03517408951469158 0.024918521241410252 0.02865626849920798 0.027614887553224172 0.03528992952814182 0.032003020910840285 0.019557283460748212 0.036382171955521396 0.02978929339072379
152 1672 0.04164726044148592 0 0 0.08506158528982467 0.03567352155193501 0.019638656541531494 0.019827881771747505 0.03331141400926705 0.023813068022986193 0.02702993948181233 0.026347112676180905 0.03355820639485175 0.03019555362139603 0.018574202133166712 0.034369542677871005 0.02841446122715792
153 1683 0.039750656804737716 0 0 0.0813886863555013 0.03392168819177093 0.018540113583226048 0.0186409843761252 0.031511026116625436 0.022407129146632922 0.025752827501325765 0.02470094579138536 0.03172262978938459 0.028005188147385757 0.017628445968776416 0.0336050437588581 0.027001061065237617
154 1694 0.03725944188186709 0 0 0.07492365219122225 0.031874227196363396 0.017021157336380013 0.017248109106579246 0.0301320086921452 0.02089457458873861 0.02423775588692001 0.023605477560798213 0.02961042192175681 0.026220448682238683 0.016599131563756968 0.03131366464155321 0.025205402105959986
155 1705 0.03642102654469209 0 0 0.07306931529172254 0.03096086876668935 0.01633649242254732 0.016898609891092077 0.02894370772697178 0.020627171882600794 0.024226177469626943 0.022821038782057403 0.028771760839010133 0.025461373307024516 0.016115570896302143 0.030456456620053016 0.024530576472086806
156 1716 0.032962757317398436 0 0 0.06603244046067962 0.02815152130135511 0.014743868084053487 0.01509855163546485 0.026254664471618474 0.01843931074269246 0.021862683145750204 0.020818875197766658 0.025996727037033304 0.023233479857872313 0.014496825255500516 0.02774344867920162 0.02202498613861483
157 1727 0.030071651231463374 0 0 0.05967955772857076 0.02562413668271648 0.013280549854669163 0.01380836237436966 0.02375728009429082 0.016429719578474455 0.019742331184250964 0.018816865526999772 0.023849754850817622 0.021180698106235532 0.013147941213388557 0.025485782079742694 0.019942511940284083
158 1738 0.030818822691024986 0 0 0.060378553127592126 0.026299795498868198 0.013396858722135254 0.014210100869320777 0.024469853397939244 0.01687019847998315 0.02018516553962012 0.01935579215953833 0.025201636313361857 0.022041992833228517 0.01374686650716721 0.02638096021927869 0.02072635732266764
159 1749 0.03109390518247633 0 0 0.06046030599172646 0.026208032634151848 0.013350964501349347 0.014619527036642913 0.024638933269170417 0.017201680054405106 0.02034061419684617 0.019489990991361936 0.025195760470345597 0.022059179337364596 0.014291473389355816 0.026425953699914535 0.0212174956214363
160 1760 0.030830356508432966 0 0 0.06049356252882128 0.026234939602611657 0.012768190224098924 0.014502176312869163 0.024209087427452584 0.01658743855774818 0.019948389149999166 0.019078543921109085 0.025348249389849902 0.02168410109819194 0.014234846070241027 0.025724902980331848 0.021122990721107265
161 1771 0.031032962723163995 0 0 0.06075340568150009 0.02578104290976045 0.012666114036709279 0.01469310847355282 0.023824786219042864 0.01673067473214542 0.019992823542374624 0.01900273070889679 0.025706982239532578 0.021731806103698757 0.014364008225015434 0.02615615316691021 0.02116742867983631
162 1782 0.03149843494089145 0 0 0.06211319292500708 0.026362074059846124 0.012728570945550103 0.014835121074498305 0.024111467008579784 0.016789568051680717 0.02050738652728147 0.019428120476646864 0.025910864642879842 0.02222964629668803 0.014886767619404457 0.026564917725908098 0.02147529678371809
163 1793 0.032562368452423295 0 0 0.06380755240392197 0.0274395059045209 0.01299692511552785 0.015325077020537507 0.024474813569569574 0.017598119628791657 0.021381238199824144 0.020004443179114928 0.02641976114822182 0.023542905784587467 0.015239729489292893 0.02712572700897034 0.02236113305310367
164 1804 0.03275816669554891 0 0 0.06374869281614523 0.02751555408094128 0.013095265487929539 0.01546165308622713 0.02453888342637504 0.017612676248378603 0.021469398729632556 0.020608887920879265 0.026370576979768315 0.02395294175904724 0.01535738138207598 0.027072821677671912 0.02258348037020573
165 1815 0.03398228755639608 0 0 0.06668163826393236 0.028878495205925413 0.013528093320379414 0.01573343059157716 0.02573703484184427 0.019037527628489544 0.02250453001361831 0.021304115571730776 0.027123569548140145 0.024992911046007513 0.01588978720994974 0.027986073191179427 0.024438069514111434
166 1826 0.03181531361992582 0 0 0.06068186640198528 0.026905694376874387 0.012593324312525949 0.014762024997707486 0.023815607677875918 0.018119913287604827 0.020834357485254994 0.019394582943402742 0.025334828761618335 0.02284133110971005 0.014766795969117143 0.02646498626354189 0.02309889803374934
167 1837 0.030337681932136953 0 0 0.05875193489537893 0.025843319355955283 0.011732798172757854 0.014056803068461729 0.023102583799323777 0.017264284836911295 0.01970784713453811 0.018472023430249417 0.0242630635050003 0.021556677291987958 0.014335407007634225 0.02478123724222557 0.022017775566891946
168 1848 0.029033206031443777 0 0 0.05439665938649378 0.02483455482887597 0.011201508140191345 0.013483948322335623 0.02208449530169651 0.016778564001782018 0.018965611737536043 0.017584685461194877 0.023152224036570163 0.0202334702868744 0.013770817043867605 0.023360291999027415 0.020305935620700936
169 1859 0.028520476488074348 0 0 0.053474254656664715 0.024397487208118046 0.011014447255542346 0.01344663627323131 0.021703070530558262 0.016620778902321692 0.018513871657200552 0.016976945340609156 0.02207993291090841 0.019701825914847492 0.013729168947489023 0.023233599477821817 0.020134095455468997
170 1870 0.030020556179336126 0 0 0.0563997721902466 0.02541319571096086 0.011622765917375618 0.014331378995473678 0.022705365692446758 0.017938478033477062 0.018996349600035576 0.01777670321577327 0.02319797001663314 0.021051717016602658 0.01451736381017042 0.024914947690725293 0.02155648338038453
171 1881 0.030179225073366414 0 0 0.05668059501983667 0.025388342486844965 0.011700695866621383 0.01435873123225394 0.022873695561538364 0.01820300771520224 0.0190579479809373 0.01783279806891057 0.0233144275123908 0.021651230504726903 0.014532295001264761 0.024995211029700076 0.021056909760178853
172 1892 0.02862940795168032 0 0 0.052611853168276816 0.023686990520873672 0.01111830836474417 0.01367452876462642 0.02190314345805708 0.017344356740998296 0.017913207248716236 0.016814550204754416 0.021882222143669132 0.020725226198525203 0.01361865602268816 0.0238995959499122 0.01991610930590006
173 1903 0.027377883140504145 0 0 0.049509956547321175 0.022516788639230945 0.01060635878362376 0.01294466076044416 0.020960172325361015 0.016503453383282702 0.017128980538252327 0.015847529076180995 0.021232791242768865 0.019536113100406604 0.012777088891740587 0.022557016394339834 0.019171868104317556
174 1914 0.028728317789267384 0 0 0.05107500825488709 0.023875174299582143 0.011553099289290747 0.01351270530387892 0.02186934398753267 0.01740954683221657 0.01788877097704585 0.016714039220914658 0.0231858108784758 0.020922653981397397 0.01328382825824387 0.023411126213326167 0.0199048328607343
175 1925 0.03065180051111578 0 0 0.05290181267711765 0.026118503575287846 0.01205774853471588 0.014142616165836536 0.023505330934121483 0.018192058019426045 0.01876743485661047 0.017722143307803306 0.02491995915154097 0.02239266529670391 0.014233176912139 0.025734793651630467 0.021383250330041174
176 1936 0.03088517601947748 0 0 0.05370913771026609 0.02621248916243757 0.012014445744128108 0.014180703347051116 0.023628771711641832 0.01844867466703664 0.018963145444230618 0.0179341621401804 0.025250074749246766 0.022653981148905475 0.013920397894828955 0.025567184813888134 0.02157398842989516
177 1947 0.03262190294429596 0 0 0.056510977966425215 0.027603921465508996 0.012818701259264589 0.015018024458034603 0.024217710900500265 0.019947718079278018 0.02015069427033816 0.018884983109606412 0.026955121136551016 0.02401078904024995 0.014570978904693362 0.027584336391405426 0.023267783259360592
178 1958 0.032810956793666905 0 0 0.05643421337457928 0.027532269881215165 0.012829530071240144 0.014981978012802863 0.024220866379443977 0.019753015237009952 0.019789620262364208 0.01904320866811986 0.027074822730746923 0.024603373028680722 0.014344713074935091 0.02765451501945845 0.02342778230900497
179 1969 0.029889583455673694 0 0 0.05035507171783932 0.025309879687534398 0.01163421684660117 0.013478205246187548 0.022141566533330565 0.017841840456461387 0.018047400360593394 0.017165971084586076 0.024397734826917695 0.021924835179047288 0.013046899703397214 0.02546195256590101 0.021285220024853457
180 1980 0.027239087807354335 0 0 0.045598849107111164 0.022779388014899645 0.010523577203332385 0.012078793476878149 0.020396356902872528 0.01587590809416962 0.01623128421621959 0.01550902301729998 0.022207405178267588 0.019969758665459875 0.011868486100547103 0.023046724851121587 0.01955652664284068
181 1991 0.025556340668384036 0 0 0.042575785627861594 0.021438009341505797 0.00974908957122783 0.011194382586207988 0.01887040555456869 0.014974701767582088 0.014910876919963937 0.01434016639499668 0.020704144915600745 0.018736806363571744 0.011198513768286768 0.021759993668480707 0.0183289699940966
182 2002 0.024310175658105147 0 0 0.03964819339721871 0.020375009936323477 0.009065352119477342 0.01067419756415496 0.017811188679218735 0.01419076385676061 0.014162058215640098 0.013447847781750318 0.019659692522323056 0.017794157824470563 0.010600730991996203 0.02062644801908294 0.017650807920065726
183 2013 0.024359963308766094 0 0 0.038759090693852694 0.020527483191719816 0.008973590135934878 0.010887988245484167 0.017712395561635858 0.014031127085684334 0.014127341449160192 0.013618923725412029 0.019894592756903414 0.017852315888912645 0.010590554948398747 0.020815720629292593 0.017618399857720957
184 2024 0.02360408303771779 0 0 0.037351555855465575 0.01990286504053342 0.008823645286563802 0.010544063217128958 0.017171845374738117 0.013503943631774937 0.013443769259885642 0.013507465315535259 0.019120816250465595 0.016969147394858074 0.009908682017406835 0.020174830061520745 0.01690099717944824
185 2035 0.02245464628885031 0 0 0.034638012055816125 0.018743755868275265 0.008378298666463894 0.00987712828276841 0.015976751232629052 0.012714308231590641 0.012725296164289999 0.01308382219524603 0.01821405692999334 0.01622899961011225 0.009339875554490557 0.01907677543985214 0.01607375521678939
186 2046 0.02022419172512255 0 0 0.03124738678785661 0.0169648909686706 0.007342931332892809 0.008756219480802038 0.014161835540173534 0.011370900001951205 0.011458604626455367 0.01176539144143944 0.01624951601701539 0.01434398886972467 0.00836417000558772 0.0169353940131177 0.01440778531757659
187 2057 0.01926250416469713 0 0 0.029898165880649023 0.01603912685674665 0.0066923151383958945 0.008221876253965992 0.013337761517873243 0.011083567998539837 0.010968096709220717 0.011284596053824076 0.015654208268753435 0.013618230948786185 0.00794167679039887 0.015780181503069556 0.013959903687828786
188 2068 0.017993311355077618 0 0 0.027637578295766532 0.015080477400963138 0.006247669832385735 0.007679158231373056 0.012513341304350587 0.010306245427723066 0.010150537449827074 0.010553574794427324 0.01430432380304266 0.012757594292009136 0.007385281289239129 0.01478893184877992 0.012953449860539408
189 2079 0.017295833616787024 0 0 0.026429352437215975 0.013638061232727709 0.005971401710166518 0.0073271820053340255 0.012027180309881919 0.009894274665118264 0.009503168361367855 0.01028593189621403 0.013640147126382993 0.012230158185051507 0.00724092230347873 0.014180032895146178 0.012379707576657864
190 2090 0.017671037705045793 0 0 0.02719273028310776 0.013912048889423859 0.006092030234545188 0.007416278574672407 0.012485437328075855 0.009982309529398707 0.009402902863496352 0.010636467064695336 0.014009270197801911 0.01252742567621035 0.007425102391404178 0.014294117238550378 0.01250542184904993
191 2101 0.01886348748078256 0 0 0.02969452457183563 0.014773823453171398 0.006418841147307311 0.007875329896009253 0.013474558744401538 0.010556851005929681 0.009985304395058067 0.011279315772403507 0.014932796125172034 0.013313361385851675 0.0076855336345217256 0.015055969729935212 0.013413561343520673
192 2112 0.019976430454926114 0 0 0.031083457340701587 0.015608962060477466 0.006689443471616184 0.008421959701556524 0.014741653385444576 0.011264179954374124 0.010513238191674736 0.011759385317324981 0.01550914813986319 0.014055942521064036 0.008150448810352798 0.0160078394084647 0.014172306808589713
193 2123 0.02033781180092117 0 0 0.03185498893513039 0.0158856739649799 0.006602002676517731 0.00849652236561322 0.015007132000887881 0.011680223527436076 0.010586414006946489 0.011959472519641572 0.015747386897520643 0.014371772214317326 0.008249126752410517 0.01622220422500352 0.014696943290393059
194 2134 0.019478894719333922 0 0 0.030090873810724214 0.015104616576449029 0.006352254734781002 0.007999423987477402 0.01432048685739826 0.01127765834965313 0.010103006836845946 0.01156214877107868 0.015022687461847765 0.013867868133038738 0.007796303515188942 0.01575761973048976 0.014131220456190788
195 2145 0.019748551475827048 0 0 0.03104291374003188 0.015767997768375425 0.006374786465068777 0.008326608229658418 0.014360184156906129 0.011439329311561795 0.010232941892828437 0.011637807326329986 0.015287566881830784 0.014300074839273933 0.007927877311487398 0.01618741468799157 0.014184938477607531
196 2156 0.01839177736558122 0 0 0.028758595316237225 0.014797571176986228 0.005872835862219935 0.0077177277779573615 0.013287906177489546 0.010744029875505275 0.00936449142884582 0.010886579351205124 0.014234431451341158 0.01344282317203328 0.00721239177333755 0.015130371911318129 0.013498568217703035
197 2167 0.017549421896132143 0 0 0.027523503541321933 0.014322221930536247 0.005586216642673581 0.0073101159997051275 0.012492495036755586 0.010208783748308166 0.008811920188077813 0.010320855511251115 0.013579274166765092 0.012653119406395285 0.006848213537928995 0.014301716756270868 0.01294881342744138
198 2178 0.016390321793438162 0 0 0.025627342094053665 0.01324676868094213 0.0052381244579787385 0.006830714018377046 0.011600157819029103 0.009528517161636715 0.008280493800244771 0.009584853170324327 0.0126332248166096 0.01168475280656545 0.006493682856683724 0.01313002434998889 0.012029548453778119
199 2189 0.015275285976599317 0 0 0.02367726231107174 0.01236600564396349 0.004796146683614652 0.006365308176979084 0.0108022720781994 0.008887660554860895 0.007668478586190798 0.008960620417327916 0.01162712911831285 0.010967651267109902 0.006071202672374517 0.012249244356339627 0.011147440781699993
200 2200 0.013579956377803078 0 0 0.021279498530030822 0.011060578215689386 0.004148102838491608 0.005598991363870142 0.009456616568040695 0.007845861775474722 0.006899395257317351 0.008008881207778575 0.010102253801338501 0.009746416672256468 0.0053885580798781075 0.010691448134847056 0.009861109977387452
201 2211 0.012752375592430535 0 0 0.019662582724203532 0.009757517809802024 0.0038943181991556108 0.0052742838118048 0.008895712039009577 0.007272673230332121 0.006509167215707601 0.007496424592049278 0.00942388781709993 0.009146477819690801 0.004992980057236323 0.01013748240726162 0.00934597213473619
202 2222 0.01251042110112267 0 0 0.019454764418773522 0.009625870765477643 0.0038207879032951713 0.005240742422788747 0.008784938093651629 0.007038843858240782 0.006200445577092062 0.007249643131005798 0.009370767162341417 0.008848674875682543 0.004876909199507909 0.009973570334415446 0.00924916822539098
203 2233 0.012673803069465616 0 0 0.01986774374171011 0.009709851699452921 0.003859285020231583 0.005242649379930536 0.008850362403769787 0.007034382360922031 0.006339322579679343 0.007315955846452696 0.009642123053656408 0.00894217152099668 0.005011607326030753 0.010079089625620645 0.009470045560283974
204 2244 0.012411589344982337 0 0 0.019349052905439937 0.009594578366283382 0.0037408209866320132 0.0051031222255119146 0.008408388840967682 0.006706012851177448 0.006240479979878868 0.007113094420998102 0.009426676764596482 0.00868609167888706 0.004966208806914489 0.009663799236473048 0.009131483539753281
205 2255 0.012957774116442361 0 0 0.020373237799298786 0.010133382251145344 0.004067799219563203 0.005287484430882452 0.00892309729012269 0.007083029236298443 0.006466042142148198 0.0073739611213057285 0.009712589315414093 0.009015314913406226 0.005179492330663117 0.0101909059856822 0.009493162072625915
206 2266 0.013085838753975933 0 0 0.02051475503481298 0.010244066372504053 0.0041020435918823935 0.005348587781364674 0.008940286166058409 0.007165251651533713 0.006546152939098841 0.007463644450840711 0.009716639233060978 0.009242415850109452 0.005112083984469378 0.010654193850999069 0.009625428588690529
207 2277 0.013721040615511887 0 0 0.021828649781426516 0.010705347101092541 0.0042831733897240615 0.005619096017633114 0.00935100968942818 0.0075444071214246095 0.006801958663018782 0.007943401131403103 0.010285123843671208 0.009849137577128266 0.005252974248514256 0.011385223935440059 0.010010180579010498
208 2288 0.013349705430944454 0 0 0.021060494014550353 0.010219405212342764 0.004154063949221227 0.005476224532712707 0.009005246339923863 0.007327191366723701 0.006684983998552275 0.007763892741116745 0.009919945748852863 0.009638559070388955 0.00511972596504979 0.011246333701509483 0.009784566051836172
209 2299 0.01347436760428761 0 0 0.021204791376938686 0.01029099749607333 0.004114484995788829 0.00556949586973871 0.00910734113322739 0.007306637002801435 0.006844579433916334 0.007779988711185836 0.009915795155187443 0.009560196080765075 0.005128064427219807 0.011347740544134628 0.009797320532070806
210 2310 0.0132842328383376 0 0 0.02081637195066579 0.010097454911949036 0.004049478021205256 0.005477705044766429 0.008840639557787277 0.007264223775079682 0.0067327612133163475 0.007638872036156408 0.0097847425518484 0.009313890299103376 0.005044709311111807 0.010970783530450922 0.009588420140561648
211 2321 0.013022499925709502 0 0 0.020243952708899185 0.009815119769058711 0.003974052802442558 0.005389125705949558 0.00857153731559726 0.007143927961819811 0.006565360730777087 0.00747901306166396 0.009668188560618423 0.00927938473970365 0.004835141321237186 0.010650218170418412 0.009415920966939422
212 2332 0.012689993103599499 0 0 0.019650980319884114 0.009733361038512045 0.0039056662121073763 0.005207692697363631 0.008395886328019188 0.00685373877679708 0.006423304903611812 0.007378692016117454 0.009328735573015617 0.009093436540862273 0.004802672985754719 0.010343640057067432 0.00891161611605447
213 2343 0.011785073234217767 0 0 0.018045835886733613 0.008972110583234003 0.003599282789892957 0.004684951635198417 0.007865532366287108 0.006345642748787492 0.005974230301820463 0.006822824980253383 0.008639026450913889 0.008274094996562068 0.004399934068604591 0.00952029007662121 0.008233966377986266
214 2354 0.01092048744812038 0 0 0.01668464665179023 0.00834689276020242 0.003347689350061023 0.0042978409134983775 0.007233600814719039 0.005739707017423817 0.005551134165464671 0.0062934561972595214 0.008028683539720778 0.007667599379977273 0.004086229335511039 0.008887836838473218 0.007646590963866023
215 2365 0.010254053011031458 0 0 0.015361567741886635 0.007794970407605557 0.0031411450453702233 0.004034376441836112 0.006794422419848591 0.005388096242786355 0.005132248098206616 0.0059858625473431714 0.0074115708090713136 0.00726794297405205 0.0037724118579298715 0.008399251541035695 0.007193212063534562
216 2376 0.010356329197732352 0 0 0.015469028266470754 0.008103526621890676 0.003203071257841964 0.004053439694223102 0.006917178103929542 0.005417014777317401 0.00517060419319255 0.0060415592347186796 0.007497033602781026 0.007343459295777043 0.0037657387654810724 0.00840300395066326 0.007203519579901381
217 2387 0.011007387221113246 0 0 0.0165568800982318 0.008632725150409873 0.0034076680865263087 0.004295758262419074 0.007336833156344521 0.005824380258325837 0.005434608932462246 0.006444306032710924 0.008013666252890982 0.007791718496591815 0.004007885125154898 0.00887519565706994 0.007710567720178541
218 2398 0.010773440151477376 0 0 0.016638426672360478 0.00841695112947236 0.0033704925124044705 0.0041808946469838425 0.007206388788146953 0.005612794184174501 0.005198048185643445 0.006308879762480904 0.007854892032088988 0.00763855616000216 0.0039042841822345092 0.008611020604247885 0.007481394012231431
219 2409 0.010404299717495173 0 0 0.015915627282029596 0.008121713818999982 0.003262800158204557 0.0039471894536375575 0.006955911983588058 0.005343538059845943 0.005036419539914436 0.005864730665536363 0.007414041073961943 0.00717376932166241 0.0037451551235311207 0.008257764057854548 0.0072395632070719335
220 2420 0.010008713910128891 0 0 0.015182933609733898 0.007858725757596085 0.0031561108528980653 0.003771340776415897 0.006742248948472609 0.005065490646025029 0.0048526474938906106 0.00559341101402752 0.00711948157936386 0.0068101957224877266 0.003592410538790215 0.007913284971277192 0.007087403995643699
221 2431 0.009915665102881948 0 0 0.01537236657716415 0.007877914557340082 0.003102657422801892 0.0037443203254803586 0.006628353533964994 0.004992863919646923 0.004922846954068112 0.005562097793782963 0.006984478897950064 0.0066823904359091845 0.003517494416007738 0.007918310865408895 0.007169162458230751
222 2442 0.010137026399267614 0 0 0.016120273441009768 0.007974103741227598 0.0031389494345883118 0.003928089878069107 0.00684659054065199 0.0049948748077459325 0.005194791947838572 0.005676529743253172 0.007144780648526392 0.0068198184193312755 0.0034993588710204495 0.00802181411870761 0.00727922008796817
223 2453 0.009864527653469114 0 0 0.01547948394277988 0.007683883299668795 0.003030298538299329 0.0037919046600217304 0.006740987585851566 0.004786358834938298 0.005123655187516987 0.005418241398443979 0.006925276230139198 0.006640340828652834 0.0034037704080139486 0.007742828726299916 0.007107919679772361
224 2464 0.009980088970262811 0 0 0.015917897708930793 0.007781776129052828 0.0030712050986278464 0.003839367610005441 0.006745576886817497 0.004821383215559448 0.005200552085169795 0.005413148013491563 0.0069815608140416496 0.006725534137067379 0.0034326088110680692 0.007802513688187833 0.007333765766540866
225 2475 0.010671910314677876 0 0 0.017221920854110628 0.008316722592047382 0.003355786551268355 0.004073460102787082 0.007253065797289434 0.005177368951579835 0.005729230403409284 0.005781561624655362 0.007492813928974506 0.00725207438303173 0.0036616788281373445 0.00831017662910032 0.007870932647666539
226 2486 0.011224713767530968 0 0 0.018362055866699447 0.008772890271121513 0.003564793252140238 0.004281491605330718 0.007662499291407948 0.005452370739474182 0.006049346092059033 0.005987677670020465 0.007840385161536404 0.007697212553481781 0.003817600287952291 0.008623846596219169 0.008390648596424239
227 2497 0.01118297922350955 0 0 0.01822022428383624 0.008683470135816175 0.003508348030900359 0.004261745652810556 0.007721397618448775 0.005463701236413028 0.005914699422331617 0.00597531066731282 0.007857006734216831 0.007712824174404676 0.003832587557584236 0.00857813677728009 0.008328242354245428
228 2508 0.011658706610612569 0 0 0.01903724947167516 0.008973106156365119 0.003694239593529534 0.004422984922262026 0.008324943126612834 0.00575817504269918 0.006363833332560258 0.006217259830538439 0.008141631394488019 0.008033365372918589 0.003988983396332398 0.008849643458178928 0.008718637706512378
229 2519 0.011893058679785464 0 0 0.019448952393614154 0.009202637797546974 0.003821441676077325 0.0045047860962643795 0.008607386677549329 0.0058768659745295415 0.006512214284592652 0.006346453241603175 0.008206451452578329 0.008114111954614697 0.0039644077933928545 0.009006988967084805 0.008869981436421372
230 2530 0.011790572614003661 0 0 0.019392678205442788 0.009090098193586514 0.0037814505391777164 0.004478225020119437 0.008410676496564507 0.005793532618556393 0.006458493256244141 0.006242136508952388 0.008004260349191073 0.007883226851946527 0.003995229811166816 0.009232847771734057 0.00868929342203794
231 2541 0.011082130118754861 0 0 0.01823153952584308 0.008369402608140489 0.0035432059474957383 0.004200132367992852 0.00794202351359275 0.005404828281979001 0.0060453363495761945 0.005847937373788422 0.0074955348219728065 0.0073656491056320935 0.0037729502179071352 0.008543011534354696 0.008162009456812306
232 2552 0.010851191835457137 0 0 0.017754472154087923 0.008192649708983115 0.003490128313247072 0.004141449016926184 0.007799008432455523 0.0052900035848591756 0.005906795368782529 0.00563241310259609 0.007353417303759569 0.0072427687624567905 0.0036655398350039004 0.008428361721539941 0.007928862335544734
233 2563 0.011709854682655915 0 0 0.019475520252242823 0.008893765903492267 0.003725846864080596 0.004419316022435231 0.00857225787565432 0.006011134786891776 0.006544568070039073 0.006074258918332833 0.007875589170395743 0.007943340767017542 0.0039053935718048748 0.009012548170534726 0.008584674438643651
234 2574 0.011073474804877706 0 0 0.018390941047143193 0.008447716898827272 0.0035401757701917307 0.004077908590335627 0.00806811271729543 0.005654950892979834 0.0062116843893268705 0.0057454394085802735 0.0074914220069451625 0.007523449523922347 0.003679365526622927 0.008577184601228699 0.008067735058105365
235 2585 0.010684376909427832 0 0 0.01789488219087281 0.008367220752601833 0.0033598771692049797 0.003939747426230814 0.007776114364066659 0.005508439911023474 0.006040188333040199 0.005483510469399955 0.007229745654509296 0.0071503083207319585 0.0034781614949249934 0.008336161666985649 0.007780700732942521
236 2596 0.01057687493531146 0 0 0.0176791644407094 0.00824500248537746 0.0032398650738476443 0.003968035246570943 0.007582096579932563 0.005412394852226666 0.005907638836073489 0.005488433973588612 0.007188873706770593 0.007077255124827181 0.0034264151142138605 0.00824302526031851 0.007785339028817348
237 2607 0.010422531198822702 0 0 0.01732448919527397 0.008137029444436608 0.003178528958444922 0.003917713124475884 0.007405702439585653 0.005273698965074161 0.005732874743122885 0.0054867220334206485 0.007119765683772861 0.006923771279247755 0.003356069143219001 0.008115795639355652 0.007632791438851714
238 2618 0.010143436298173016 0 0 0.016687927417143648 0.007941533678328642 0.0030782869241886097 0.0037886069630570568 0.006906885193151419 0.0051737306519767726 0.005652288848819306 0.00537195272158255 0.00683977169271514 0.006930546962201906 0.0032913715573533835 0.007938691536332886 0.007515736153227125
239 2629 0.010288889116186082 0 0 0.01657480769459426 0.007989212149506814 0.003131881496197418 0.003799967462447083 0.007344948151252224 0.0052238297388493135 0.005780899087504346 0.005503771902562093 0.0070911129095987185 0.007080803865166081 0.0032427027513405884 0.008061310855798549 0.007576669520875603
240 2640 0.009705086959195714 0 0 0.015528352349853204 0.007398964375817072 0.002929452790595266 0.0035951258547215455 0.007062121017573672 0.00490086608583876 0.00547098576304753 0.005162436336743364 0.00648895264530673 0.00662840225080578 0.0030514438423831633 0.007542135979335365 0.007130416207688287
241 2651 0.009424322766351073 0 0 0.015154910382777734 0.0071098303750246105 0.0028323242694494725 0.0035720964359696834 0.0068637577469009056 0.004682062419852181 0.0052686166822637145 0.0050316896953331094 0.006219798608907704 0.0063169279185792925 0.002973704013687587 0.007240320939718372 0.006699216704819855
242 2662 0.009230924711921992 0 0 0.014719902829870126 0.006938078173763375 0.0027832198160336083 0.0034345375401436907 0.00660871104545299 0.00456413125645038 0.00510320811712389 0.004939692236940069 0.006050789559369775 0.006224510370463512 0.0028911855809316466 0.007094551814244156 0.006556748611370541
243 2673 0.00887764969827205 0 0 0.014032652332821414 0.006634369650282681 0.002615979588441397 0.0033262623018889335 0.006311961934145287 0.004388736363597597 0.004857176189110956 0.004735207811280737 0.005797093990114259 0.005962270196877481 0.002823256416916215 0.0067999640534831905 0.006179206765809533
244 2684 0.008472775534546659 0 0 0.013274215071585539 0.00633558680455965 0.0025104458385896773 0.0031464546305816883 0.00594292435941975 0.004173489637774271 0.0045899731247015345 0.004542400028447819 0.005461759857259632 0.00571077563018969 0.002681197720310372 0.006342791821945317 0.005879771202876965
245 2695 0.00815117945793986 0 0 0.012854644610756343 0.006035528472073033 0.002432849860212981 0.0030229487404178582 0.005659092760251585 0.0040365757578338145 0.004368172639399065 0.004295271590488764 0.005135922218142271 0.00544326517497345 0.002615821304823967 0.006027372037111474 0.0056503602703832975
246 2706 0.008056188107790185 0 0 0.012896571151626639 0.006072653607376383 0.0023632258149189926 0.003016339862191648 0.005566208528901288 0.004000099445090016 0.004351496734817188 0.004296460843444174 0.0051481625087273775 0.005369046805837352 0.002577149933994018 0.005922368612071145 0.005428806672936959
247 2717 0.008604220294953755 0 0 0.013660304091173787 0.006575576120595979 0.0025719576520969235 0.003158072121852024 0.0059157086107661985 0.004380232400870585 0.004609492310229655 0.004634295971892048 0.005419980814393576 0.005832037020133503 0.0027952001964436255 0.006257373124952879 0.0057210964095881405
248 2728 0.008878879443199978 0 0 0.0140451366748919 0.006665590204070811 0.0026786518959735876 0.003252450988079008 0.00609490957024214 0.004555349932471885 0.004730014620141132 0.004865731943436643 0.005609936411098802 0.0060629725857445525 0.002913172247811138 0.0065994104762391 0.005906954864533565
249 2739 0.008658596310885848 0 0 0.013751032141487967 0.006459140086462855 0.0026038128032821583 0.003195321191238336 0.005780578898494325 0.004546241066933655 0.0045664729027193405 0.004658172820096604 0.005445708590631762 0.005892801978308968 0.0027942996109879383 0.00641956569133464 0.005847146477793807
250 2750 0.00840582600707491 0 0 0.013348827609813157 0.006317836189477271 0.002507546237211679 0.003124424460168916 0.005608727351625037 0.004420402912731809 0.004448628755083699 0.004545459788442452 0.005251856446632212 0.005684445155887352 0.0026837627106431547 0.006253097222465336 0.005652391884569503
